922 718
96 972
213 929
441 975
927 346
32 133
673 895
445 227
724 307
296 74
967 197
261 533
19 626
184 110
674 203
864 369
378 355
561 703
138 651
983 807
677 132
68 458
724 7
674 931
101 383
519 914
143 495
608 296
200 710
25 41
964 954
702 328
860 99
776 368
849 257
384 427
268 617
415 985
457 565
209 559
878 326
735 321
928 511
773 69
756 46
976 74
960 639
40 928
257 784
962 756
220 188
392 995
829 464
385 482
337 298
452 973
332 491
536 700
556 451
56 601
564 188
619 489
122 860
735 254
497 548
615 885
852 415
393 377
249 586
40 948
554 411
980 749
37 68
527 477
463 463
141 90
799 528
495 266
47 685
22 578
540 902
921 60
12 586
833 309
254 323
663 402
170 105
951 527
399 357
532 837
483 696
559 333
201 500
154 732
321 658
252 502
438 664
74 876
368 557
594 178
599 267
337 155
973 734
642 666
324 962
857 517
912 241
485 43
74 441
159 707
403 1000
891 813
278 758
551 417
49 388
881 27
604 172
307 804
149 915
709 648
814 859
348 483
711 395
416 327
282 199
761 770
947 664
783 689
711 681
512 326
380 143
275 23
415 308
625 436
822 941
922 345
432 596
276 519
510 192
21 477
197 525
485 521
331 816
623 228
686 505
396 262
557 298
478 788
217 843
294 696
39 580
429 287
779 770
719 901
132 345
293 112
812 946
873 379
545 88
488 389
450 672
860 384
768 65
300 268
223 725
595 719
314 69
969 658
751 872
707 459
333 34
602 308
624 888
417 994
299 793
566 51
79 930
836 662
335 862
936 130
744 534
27 663
295 589
918 766
807 704
279 514
535 181
227 525
959 558
620 296
237 243
898 749
420 869
209 300
779 314
692 369
120 162
571 769
89 53
507 105
237 643
964 943
354 115
240 351
440 531
471 248
405 694
167 142
144 183
144 51
815 519
991 430
259 341
749 713
210 794
346 33
835 169
766 849
339 171
885 561
993 694
969 93
41 341
910 547
224 139
21 428
559 514
842 151
366 638
507 517
361 668
423 561
751 73
704 417
441 623
522 789
100 565
63 571
321 383
37 464
461 316
233 496
324 76
690 228
944 463
333 696
181 683
49 883
640 779
280 63
69 481
831 588
552 176
250 709
609 695
52 726
158 923
390 284
90 923
774 72
323 799
197 524
503 582
707 56
515 754
744 490
36 168
666 168
958 461
240 822
411 888
626 878
714 481
849 167
295 712
240 428
607 731
551 827
297 581
200 794
894 306
826 686
615 376
732 868
437 396
963 982
692 515
488 62
89 85
244 751
518 369
85 222
723 923
595 189
993 99
979 463
387 848
4 134
745 470
52 674
200 592
888 284
347 338
276 345
750 464
164 396
528 497
217 40
163 609
276 484
953 502
604 558
374 365
505 608
295 23
357 236
21 440
703 115
941 116
481 706
518 861
944 549
560 640
596 324
190 129
24 340
205 889
757 20
592 947
302 165
804 346
166 855
180 698
580 614
229 760
969 727
252 151
929 618
247 343
829 705
424 663
16 411
708 37
964 390
18 729
320 888
1 956
642 221
577 966
172 683
374 444
194 700
106 319
683 563
626 94
637 202
723 963
175 375
352 725
133 393
988 478
292 86
287 779
592 155
617 149
940 37
994 19
784 515
537 125
49 633
723 323
386 963
569 356
644 193
224 673
554 612
603 9
638 153
991 541
147 395
535 263
500 889
641 76
420 719
827 698
556 571
965 461
762 314
948 805
105 591
74 542
628 555
798 503
792 976
167 850
80 598
598 156
277 736
3 879
433 777
556 742
539 142
181 879
361 452
673 785
932 575
323 998
343 645
537 452
667 462
214 579
13 284
902 521
386 571
231 960
529 544
605 330
21 399
926 893
98 751
593 671
506 917
585 379
861 171
880 716
456 544
784 277
215 893
577 621
744 938
668 998
264 268
888 581
41 948
420 552
64 449
650 884
489 405
403 764
134 74
125 464
569 442
931 233
804 254
316 295
694 404
324 673
577 586
412 717
645 92
287 852
405 969
288 209
964 384
256 905
556 481
193 441
633 133
374 409
10 324
376 752
384 560
614 608
254 320
218 532
99 484
873 519
439 593
311 748
85 692
21 559
102 851
777 24
287 148
295 507
921 774
577 508
389 755
409 161
462 153
646 929
416 2
663 227
73 57
27 699
168 188
303 158
129 356
126 372
447 984
277 433
789 340
244 921
350 360
514 369
484 425
128 379
90 817
602 118
591 425
837 576
332 20
105 607
316 30
532 10
983 213
97 301
929 474
59 185
335 34
134 739
450 128
337 935
632 382
567 12
863 475
173 522
178 360
364 545
41 829
638 305
245 172
465 962
562 489
740 602
688 725
202 514
402 915
302 276
28 382
570 995
933 584
772 464
264 135
211 291
213 566
64 196
599 690
756 411
496 352
298 44
234 608
520 881
967 821
88 866
19 849
614 830
429 311
457 695
685 564
917 633
177 505
320 198
419 411
277 445
918 423
580 433
548 412
882 967
885 279
322 271
87 511
575 487
569 80
825 347
491 150
738 567
600 39
151 195
33 474
531 739
657 509
462 848
949 152
215 636
277 641
930 162
671 653
51 674
3 760
769 128
9 627
70 826
526 419
664 113
49 305
687 235
602 486
118 151
240 74
649 961
379 116
135 519
748 109
47 772
443 83
277 320
784 280
507 555
647 611
465 516
23 356
844 552
78 944
290 46
709 239
975 216
542 368
729 425
782 944
761 902
241 439
841 573
843 683
304 899
975 441
524 743
792 832
32 781
468 331
545 336
652 733
443 890
967 919
60 804
450 507
319 655
867 605
309 847
753 902
180 476
427 128
46 771
671 966
480 749
61 284
217 667
850 604
446 935
27 680
517 888
445 440
253 35
166 277
300 941
772 558
992 50
775 74
863 147
463 804
551 697
734 36
209 256
829 247
98 516
891 750
46 278
676 140
554 314
311 283
260 493
168 498
52 184
640 544
570 734
714 623
333 599
271 1
249 161
601 553
650 2
895 354
897 152
858 27
144 171
642 365
140 982
959 652
610 320
20 455
801 21
719 724
317 168
780 254
833 16
922 167
815 234
967 369
408 994
599 811
347 557
87 659
515 459
640 915
313 902
562 648
546 283
520 694
190 531
9 726
287 557
561 291
235 732
674 67
162 922
847 956
682 565
956 689
726 344
990 261
5 847
494 87
564 425
642 407
569 812
561 799
236 358
240 617
693 278
171 106
96 101
232 217
865 559
403 371
414 103
204 899
992 12
161 658
177 663
91 233
472 548
678 453
604 305
961 391
692 335
525 334
182 799
402 108
11 842
234 809
786 307
555 581
449 199
553 105
7 316
887 828
645 811
457 853
140 387
672 617
404 571
854 455
427 122
219 428
435 658
835 697
873 363
734 561
13 208
978 628
976 750
795 135
702 816
842 286
366 167
134 322
933 125
715 95
458 16
823 471
114 992
237 182
212 518
713 642
520 783
184 279
93 226
270 593
252 781
687 964
630 843
528 557
47 345
724 8
614 739
837 347
490 766
589 274
701 331
207 120
203 873
713 510
880 53
839 191
36 866
167 487
580 862
311 393
713 48
404 867
121 913
99 927
137 376
621 164
737 728
419 109
228 901
11 215
678 643
714 679
260 437
366 580
161 833
957 192
826 261
865 732
974 472
464 836
830 690
712 644
77 943
293 952
957 228
909 889
664 452
120 561
263 333
954 892
148 412
356 72
948 684
858 323
202 455
795 726
799 251
881 949
985 582
995 543
416 957
552 680
251 98
768 898
377 599
715 987
85 95
477 176
572 550
253 749
191 739
644 534
679 871
941 445
814 559
967 272
567 128
1 187
740 454
112 505
538 486
341 27
343 744
235 668
123 241
503 509
834 510
104 222
506 242
142 889
953 627
867 344
828 255
163 75
670 285
354 224
942 983
111 363
857 267
31 0
223 873
971 23
848 59
754 39
307 853
587 689
89 113
368 459
490 59
326 725
410 672
446 182
385 754
156 732
331 676
545 649
157 770
869 837
252 517
652 197
509 339
960 913
739 716
358 338
572 201
98 640
893 529
290 266
926 202
513 261
563 558
140 584
879 726
996 149
627 852
338 256
942 339
593 281
450 703
3 728
491 611
526 718
349 615
330 650
224 405
804 1
118 603
989 589
801 745
322 819
118 607
101 3
157 168
931 641
601 656
422 925
126 363
978 509
44 524
494 1000
934 444
32 126
658 340
480 681
740 505
672 356
376 165
509 781
379 876
534 759
604 524
11 456
760 269
201 221
69 426
662 535
844 339
582 467
874 608
958 692
707 216
187 663
406 485
77 156
494 456
343 530
168 567
118 401
866 615
57 187
82 330
520 235
939 321
419 508
758 351
305 682
642 971
185 503
514 890
809 518
53 903
883 500
568 410
634 861
855 154
523 924
508 84
178 631
870 824
158 862
601 351
889 530
891 393
97 618
39 16
245 10
603 356
324 140
170 728
401 960
533 791
692 74
