912 240
28 59
35 160
848 748
912 36
476 1
794 776
405 735
821 557
544 41
489 271
998 245
726 217
793 468
460 845
605 493
97 480
894 673
978 384
995 753
162 855
779 626
718 249
894 590
611 211
289 188
525 533
648 670
270 756
713 975
596 489
902 847
417 529
885 583
627 623
849 420
416 775
845 759
186 399
629 148
18 677
712 962
905 571
291 215
801 647
733 705
902 392
846 955
556 717
133 635
694 78
937 945
596 72
558 996
869 462
817 711
796 831
100 681
378 579
999 737
933 817
258 155
190 626
349 412
592 468
82 361
707 941
932 374
952 59
845 410
662 608
134 695
610 379
583 150
721 683
103 1
141 490
534 776
502 191
590 458
786 239
808 99
952 269
303 868
185 137
2 356
14 464
466 161
50 531
388 921
200 204
149 93
560 721
379 762
166 22
158 446
526 51
165 614
471 854
136 231
123 746
904 139
665 534
639 757
39 589
58 760
165 603
92 479
976 595
717 795
800 776
647 109
590 489
380 942
863 883
580 120
248 621
257 813
579 44
213 242
477 685
972 978
194 797
151 739
300 234
44 93
776 720
587 237
412 907
251 870
951 474
397 776
700 796
347 970
803 623
224 287
859 188
613 836
419 636
756 832
632 381
699 568
493 843
720 321
80 750
417 667
643 946
621 346
740 400
564 630
86 358
119 884
337 828
775 346
199 373
745 835
196 754
856 138
636 68
258 911
340 765
621 349
74 279
223 834
552 330
605 351
522 476
344 403
984 366
354 529
711 985
223 671
870 428
266 210
649 720
619 198
61 729
648 679
935 651
649 616
712 47
802 912
433 929
555 858
997 864
822 625
154 584
977 911
659 515
518 462
262 581
164 492
33 251
920 373
140 642
813 924
714 310
1 835
694 67
611 851
228 209
19 885
958 746
258 974
18 687
571 263
702 838
255 684
173 974
903 691
690 291
45 631
383 706
213 129
409 441
317 96
188 326
567 780
632 447
795 129
735 651
161 524
9 873
665 843
316 363
164 370
811 41
941 932
790 856
230 77
764 1000
477 218
776 437
718 54
916 859
254 556
307 473
398 372
720 263
435 619
425 926
115 369
285 529
770 932
72 681
944 182
173 890
306 898
279 591
301 409
101 84
777 755
833 457
225 418
391 722
282 251
646 463
2 660
649 587
276 583
550 929
352 161
339 718
24 989
910 137
718 84
975 157
709 397
329 736
165 283
872 425
866 416
988 869
647 958
201 185
676 956
202 382
499 276
988 225
791 931
266 457
946 745
136 42
869 213
734 271
577 338
27 213
846 110
113 544
447 198
54 756
123 763
130 385
796 4
131 88
972 277
76 764
595 125
154 106
282 577
844 56
659 171
489 389
89 180
606 245
432 329
551 659
248 38
92 850
494 44
276 441
670 229
515 299
57 384
676 177
915 505
113 388
183 644
169 390
141 648
440 235
147 780
322 923
886 460
32 716
152 897
481 820
666 569
90 403
355 222
579 12
470 338
916 120
29 311
742 851
547 855
450 603
301 992
551 772
343 822
225 757
437 488
565 222
477 726
760 917
559 559
557 36
595 793
751 676
648 1
433 601
529 787
186 266
117 623
648 831
868 297
129 512
585 21
365 517
825 714
605 775
104 792
534 606
404 232
38 508
64 820
698 874
782 15
794 648
718 82
578 185
446 907
125 880
205 447
12 829
375 190
629 948
5 336
986 6
223 870
58 901
675 296
71 360
737 21
74 264
269 787
62 324
474 791
453 262
684 932
126 151
265 195
698 966
582 351
409 456
846 767
806 168
181 237
55 154
500 870
13 664
778 108
112 194
146 201
9 892
308 921
881 680
369 85
593 928
55 478
797 840
275 633
343 193
128 932
967 547
653 6
459 961
88 695
495 145
273 34
610 562
879 813
473 63
971 865
21 696
160 843
695 766
455 759
447 154
899 944
617 493
244 728
649 829
151 944
267 724
931 38
197 835
359 15
859 828
623 916
811 230
530 317
668 451
801 347
489 57
980 794
369 144
269 238
269 246
753 937
979 140
139 546
369 633
494 951
14 959
288 206
655 787
313 521
309 102
464 185
557 679
901 481
817 320
190 62
605 219
463 830
259 67
654 328
642 381
131 995
207 637
404 613
222 657
86 820
701 594
8 440
68 623
564 549
634 298
946 107
859 852
747 466
706 579
907 948
130 334
959 532
195 708
406 334
780 959
677 63
744 199
266 127
628 58
442 493
988 229
677 921
891 748
647 171
465 416
802 139
132 308
237 699
821 687
143 478
987 109
280 850
834 655
480 910
965 922
115 555
539 991
204 638
685 139
247 812
444 43
715 226
868 154
333 374
888 17
936 734
682 561
196 520
653 361
627 564
992 242
206 992
33 388
348 38
412 492
269 474
100 64
228 910
150 287
451 392
755 606
577 176
572 594
299 636
906 651
158 450
485 820
971 8
440 631
138 222
839 104
5 459
387 276
132 270
982 686
841 866
538 493
330 992
542 521
774 773
55 52
938 574
139 547
712 621
286 859
279 197
179 101
324 347
543 408
421 710
486 361
121 917
640 917
136 745
344 13
435 249
856 232
358 794
41 84
364 1
588 938
742 353
512 640
668 200
832 385
298 803
976 153
749 355
753 575
674 118
175 719
882 871
77 845
963 873
667 923
378 658
916 339
175 134
97 915
111 563
274 535
704 712
357 938
21 270
531 569
89 114
566 640
610 185
521 417
26 634
413 849
632 995
864 792
168 424
59 210
513 726
178 114
517 711
987 150
544 232
978 399
946 438
497 344
629 491
4 203
566 70
802 950
990 483
519 157
48 161
440 583
97 994
141 842
92 721
818 57
28 558
322 558
334 586
339 905
114 305
106 857
5 233
11 876
743 816
255 969
879 459
939 443
927 623
252 573
723 246
517 695
22 314
84 407
231 698
323 220
19 154
959 963
775 349
140 312
964 902
1000 216
871 485
113 445
375 147
890 888
176 439
820 395
387 782
806 302
140 560
396 284
401 47
185 38
242 491
882 35
564 662
910 821
764 583
975 334
921 318
453 503
425 32
439 850
614 521
785 469
245 14
835 595
894 7
963 60
984 586
910 593
557 29
427 107
184 681
127 153
881 898
367 598
177 408
683 991
240 309
609 592
937 338
367 212
497 539
962 142
784 201
699 92
798 890
548 596
550 822
626 245
409 133
78 750
822 58
784 104
908 671
154 25
74 870
581 25
257 629
139 330
426 493
705 474
716 141
498 264
430 692
652 781
973 16
320 1
215 328
360 252
832 878
790 318
726 588
986 958
589 746
7 393
107 995
242 445
312 695
318 702
127 566
246 436
141 23
321 56
423 944
424 317
332 683
171 683
167 852
745 496
216 638
40 238
761 887
18 539
696 148
281 486
416 94
431 243
322 377
596 289
511 742
906 221
38 854
241 532
409 607
883 425
232 267
529 969
526 932
660 592
546 907
207 859
486 310
293 269
765 782
949 532
428 944
863 712
949 109
440 677
139 708
875 830
510 346
523 354
750 9
447 472
915 61
680 732
54 95
371 615
290 220
940 20
919 351
6 571
370 711
756 391
783 329
791 621
86 332
96 624
250 379
523 403
631 984
833 210
252 447
328 475
560 629
154 919
876 678
971 145
450 872
672 83
706 289
888 745
511 904
610 144
523 679
953 117
158 525
292 67
682 5
747 813
73 688
199 590
926 960
513 343
440 81
225 153
482 524
75 711
705 277
181 744
330 397
716 172
270 20
710 4
152 263
337 682
908 357
971 327
169 403
782 844
163 786
210 137
421 80
863 328
428 358
954 915
844 872
395 161
843 817
288 659
209 297
728 910
240 548
857 824
385 6
846 681
21 438
178 504
39 859
471 703
12 330
355 347
976 616
282 504
64 477
458 858
75 358
410 884
89 922
62 234
349 473
165 662
516 507
765 916
796 932
718 34
898 859
310 395
841 198
267 655
491 315
733 835
711 547
794 557
518 412
288 115
784 296
591 155
727 412
38 968
355 162
606 28
829 355
559 82
765 832
897 161
250 918
327 281
14 285
475 443
487 645
255 750
349 143
627 827
834 853
678 654
385 326
266 952
659 452
69 892
276 844
636 76
783 562
62 291
360 432
380 93
739 786
975 289
446 531
170 909
330 742
330 698
963 574
480 429
813 54
629 970
644 941
340 544
897 65
200 891
328 905
887 621
381 218
949 616
944 299
302 194
546 7
926 693
905 380
425 61
555 553
251 133
546 416
256 479
975 201
78 829
703 793
497 436
835 808
499 7
388 988
434 248
180 795
950 220
496 392
929 72
253 555
770 393
927 473
288 887
239 751
63 463
273 242
368 514
153 698
440 943
65 930
693 726
242 260
114 267
968 578
744 189
853 680
244 692
410 631
462 810
750 246
746 142
709 572
785 393
168 985
873 828
200 367
803 582
315 43
687 220
753 284
480 966
605 293
289 372
825 324
255 853
143 434
535 350
209 689
479 382
83 40
658 473
755 656
937 541
86 530
690 189
25 504
669 787
131 511
805 503
0 834
743 652
628 339
600 31
655 611
782 881
673 456
943 412
368 740
863 686
82 855
436 690
369 816
970 540
893 663
922 555
916 290
918 941
48 206
131 63
394 739
206 588
554 304
899 316
416 468
536 867
404 899
259 695
899 909
486 206
660 829
322 666
78 471
695 954
27 759
342 457
984 587
129 238
180 198
454 52
481 278
35 499
256 496
989 581
141 122
924 802
305 99
976 697
146 267
585 20
821 0
470 218
451 49
111 126
845 442
827 685
352 251
627 559
889 758
534 389
832 908
641 904
278 783
81 383
775 155
282 768
732 149
774 484
767 605
838 115
417 615
992 942
291 52
171 60
450 541
504 887
705 35
917 390
132 466
655 447
564 520
138 121
430 173
537 592
372 378
916 361
604 514
740 219
234 995
714 579
867 188
855 242
909 453
684 965
993 686
206 487
851 599
364 307
160 786
330 543
916 343
76 323
687 949
563 372
387 236
691 517
172 521
508 292
592 957
473 103
561 729
797 825
911 476
622 111
477 185
481 535
252 854
709 286
581 209
300 395
99 319
932 47
501 110
199 331
581 928
530 109
644 422
718 917
965 883
434 889
568 49
341 433
238 643
855 571
982 336
283 6
254 899
180 171
565 273
159 322
439 922
696 317
885 15
341 213
970 399
713 757
931 600
551 296
879 765
949 529
688 852
336 324
618 745
48 924
382 812
643 892
198 549
996 158
236 38
5 771
352 986
821 196
637 481
243 116
176 181
814 875
603 286
102 401
485 478
62 433
608 536
720 866
306 861
582 831
23 764
862 633
216 451
453 454
128 143
102 284
345 972
460 821
941 394
983 483
828 362
671 597
940 742
426 264
211 699
526 97
142 950
824 985
405 987
754 76
153 725
573 390
802 63
493 943
15 673
664 484
828 513
184 609
444 942
614 242
566 811
497 283
800 100
91 734
966 897
992 439
302 378
386 218
909 500
967 52
720 632
63 247
400 690
832 495
498 189
893 419
969 64
141 748
571 203
92 659
152 866
828 214
269 529
295 953
25 968
798 321
49 265
917 548
138 973
235 842
582 227
632 78
751 704
439 945
606 727
73 267
427 163
107 109
55 294
548 241
193 741
557 690
572 784
981 93
372 84
403 6
486 73
487 698
186 293
289 829
158 684
38 730
458 703
801 926
770 66
946 867
922 470
472 190
168 675
505 254
638 131
269 437
634 495
403 425
23 573
510 718
527 772
278 150
650 515
740 231
356 455
311 603
928 188
424 360
615 643
294 131
679 65
888 355
229 211
818 71
214 603
783 428
379 703
578 296
84 212
737 159
72 84
490 830
399 42
422 360
203 407
644 427
180 692
238 805
109 483
720 175
654 87
707 874
957 671
276 870
845 849
670 672
542 322
823 918
734 765
659 323
126 165
404 839
829 989
422 133
421 789
858 145
238 845
274 1000
340 145
204 31
691 3
130 498
699 492
465 640
798 731
187 9
354 601
447 727
253 725
462 249
151 824
3 116
541 546
395 315
716 552
274 343
591 694
308 196
581 723
68 698
135 698
983 678
756 673
137 855
22 843
508 831
859 827
952 890
872 503
843 895
311 324
835 298
511 525
576 624
65 567
571 993
28 272
408 685
716 27
393 447
444 401
629 915
739 254
518 669
482 881
574 579
727 381
845 321
833 478
434 202
604 117
933 825
963 911
220 683
252 591
892 393
32 780
548 40
764 777
544 381
566 693
671 303
869 653
226 33
939 387
301 120
958 952
873 690
162 714
358 95
222 32
597 514
506 528
587 842
13 612
156 357
849 862
607 302
280 22
190 721
150 200
724 927
786 865
399 280
1000 633
94 437
793 507
230 563
794 522
515 251
668 191
507 856
671 898
41 843
282 384
501 71
0 774
167 937
793 660
542 955
112 262
414 522
970 651
803 222
28 543
494 970
485 429
976 335
171 422
229 756
564 911
150 765
490 287
958 766
353 474
343 519
430 198
864 848
818 106
79 958
74 791
795 989
287 654
902 704
139 702
127 462
947 614
562 561
136 122
92 336
910 58
215 493
380 408
422 492
595 762
496 514
199 72
767 279
868 128
882 861
70 107
605 175
929 633
163 3
811 485
989 34
44 124
985 595
686 596
640 199
684 134
561 74
466 678
675 723
491 746
342 861
776 232
675 670
686 496
651 932
804 158
272 255
145 226
382 614
897 300
145 328
717 161
765 616
126 562
632 428
626 157
718 580
865 364
119 47
833 78
383 512
62 217
315 11
357 377
814 722
951 94
609 988
24 387
805 495
825 977
531 313
829 473
444 482
869 889
30 156
740 919
396 761
927 831
855 63
582 993
686 937
973 643
338 31
283 347
320 918
859 476
428 245
143 208
107 145
977 693
869 594
67 753
462 76
125 199
206 654
11 213
821 924
947 851
947 535
135 977
952 471
919 440
424 577
643 71
557 525
498 494
669 969
763 717
560 498
572 353
522 36
388 318
38 933
514 717
361 846
774 879
752 592
83 754
194 937
948 174
585 958
403 99
40 577
736 408
611 123
42 357
528 685
420 45
367 593
235 66
139 798
416 379
39 626
354 661
518 435
173 617
661 367
315 295
963 256
245 90
273 222
231 308
793 819
631 268
777 913
796 230
414 174
302 681
812 975
120 908
279 400
461 107
520 318
248 488
456 64
777 695
144 918
224 662
986 405
304 589
709 487
803 632
363 567
429 706
4 948
429 865
669 438
234 79
575 228
135 852
650 67
841 611
296 178
765 378
86 423
745 8
812 820
723 730
798 257
347 783
823 973
923 875
456 372
945 899
710 894
772 392
508 552
498 631
272 357
718 511
179 805
282 725
205 264
209 544
368 65
838 698
148 323
486 907
39 773
800 330
16 225
138 147
838 551
570 744
25 182
871 882
923 493
798 868
953 760
304 660
505 235
759 375
803 656
809 696
602 958
560 336
55 249
76 452
16 374
635 603
43 234
667 406
78 445
135 231
850 154
177 430
537 83
203 465
612 740
292 278
692 727
478 811
332 841
876 2
265 18
558 58
222 210
675 32
984 570
223 543
903 145
446 301
102 614
546 753
76 462
466 516
962 892
95 312
88 522
424 468
641 495
493 893
934 448
382 744
550 53
216 458
795 812
61 754
414 577
190 485
433 85
248 306
847 483
978 126
240 927
528 874
304 356
89 287
17 610
404 881
791 33
88 832
943 81
158 833
790 2
293 575
393 462
214 375
413 543
712 143
444 275
651 547
464 44
279 621
257 528
274 289
296 192
776 183
238 262
526 409
383 870
831 132
813 84
594 746
37 596
643 247
559 700
645 111
430 609
288 468
172 93
389 642
496 161
563 432
778 511
611 595
662 437
744 667
344 562
6 476
465 913
670 456
655 179
19 756
617 989
831 70
960 369
858 911
656 587
698 491
599 632
454 125
458 651
54 886
523 621
464 187
221 249
448 515
270 543
409 436
13 929
911 334
817 742
122 632
149 596
980 407
950 10
548 238
182 263
12 425
415 98
730 105
393 304
886 266
897 467
183 659
85 363
619 503
74 374
127 65
232 425
75 680
774 530
551 244
422 854
234 686
627 858
724 731
471 165
721 939
634 668
794 626
876 455
978 533
465 535
639 617
772 454
901 522
405 838
653 516
579 671
460 244
101 82
246 857
408 843
405 470
14 216
823 288
883 45
181 355
702 811
45 89
733 335
821 534
841 354
148 73
333 779
249 429
954 348
710 225
953 274
99 208
236 528
879 852
938 295
520 814
113 197
280 601
6 370
703 621
928 307
803 69
292 803
967 803
677 566
363 800
610 595
112 89
739 642
88 739
161 503
225 927
153 989
381 486
980 999
827 746
110 488
425 463
350 772
710 310
949 414
768 286
705 76
754 631
30 102
742 386
222 161
737 31
931 39
961 826
589 854
2 515
20 723
461 431
160 643
522 478
573 927
589 141
53 717
540 262
68 545
170 712
23 224
698 377
207 37
470 716
61 502
453 915
410 399
398 367
136 308
182 215
10 646
328 833
232 649
666 527
935 110
284 381
15 784
227 797
406 907
465 201
116 969
137 781
958 1000
830 208
504 854
880 810
111 205
65 781
368 997
589 818
367 298
93 71
144 390
912 503
806 460
811 872
760 887
958 329
197 980
185 844
253 765
808 664
380 270
452 682
348 492
918 645
761 375
451 147
439 732
18 559
872 483
476 739
22 144
284 360
380 683
737 174
597 727
628 500
979 809
773 453
80 591
526 159
635 437
46 783
627 488
78 936
462 387
740 886
692 768
699 850
825 222
329 849
836 618
418 747
193 880
95 755
27 417
963 836
428 615
144 100
516 208
505 663
821 86
250 348
845 712
250 93
563 746
647 468
23 455
254 355
495 44
118 998
880 287
251 321
972 866
584 709
145 168
510 205
588 587
963 379
844 128
934 767
752 227
214 174
975 979
155 718
216 962
321 338
879 659
148 849
751 917
572 491
634 46
450 85
583 930
203 510
547 101
211 924
676 205
392 329
528 66
347 812
611 585
81 415
26 977
562 500
641 853
628 816
802 714
419 737
492 454
344 283
99 114
21 471
538 253
119 40
806 323
56 463
322 640
557 882
611 824
928 3
909 1000
107 265
815 713
718 175
917 64
122 665
668 112
241 427
463 506
170 899
958 752
658 410
383 942
539 340
680 978
359 467
742 38
472 437
802 246
118 797
586 490
854 426
708 972
956 192
170 398
427 505
154 26
56 237
13 609
128 673
303 618
912 316
453 687
490 940
445 247
600 113
886 705
425 559
170 971
249 546
831 193
78 682
325 541
40 117
292 789
265 243
102 651
644 152
274 222
36 69
186 47
819 281
385 564
93 799
289 317
623 853
475 187
153 995
420 831
929 131
691 726
730 897
458 646
554 635
565 962
825 930
283 646
698 777
249 167
895 101
592 947
310 120
53 976
48 288
947 359
717 209
865 696
874 493
981 314
583 593
604 43
143 310
957 503
835 720
565 705
766 699
359 929
17 945
908 717
208 360
165 316
609 664
594 745
420 106
626 616
938 444
795 646
117 280
982 214
301 613
337 137
686 305
632 265
865 829
36 134
178 754
834 29
542 654
315 542
137 826
578 123
709 720
462 772
450 125
154 367
111 540
434 782
739 116
269 154
234 126
825 248
609 763
789 756
134 456
122 995
895 221
310 131
780 331
322 459
209 143
296 418
277 968
378 460
583 78
358 461
454 777
53 114
931 689
97 949
737 991
966 633
404 611
52 337
920 569
481 310
512 114
250 553
227 741
876 558
716 616
537 509
57 893
154 880
472 790
116 729
175 763
515 964
214 794
589 900
163 308
699 223
104 565
617 92
652 555
230 555
740 168
940 760
521 642
481 461
873 599
957 676
685 658
767 378
183 584
196 642
485 807
393 930
517 507
551 816
393 484
196 433
829 656
515 872
319 633
249 604
608 132
548 507
505 940
908 509
70 274
173 790
333 963
105 924
646 696
964 172
556 719
123 4
204 484
708 432
873 264
859 353
731 888
786 136
79 724
775 817
883 378
637 295
569 997
564 533
492 902
791 805
659 564
545 642
251 66
984 225
540 373
834 315
133 848
381 407
59 240
68 591
526 685
670 510
847 776
356 381
101 581
725 759
485 174
387 20
131 302
833 703
685 587
91 867
809 533
803 359
303 98
941 889
481 200
432 718
439 279
992 657
624 264
277 539
498 614
230 848
113 572
297 716
345 975
467 478
328 891
543 699
140 286
134 332
538 210
53 399
417 601
369 316
48 637
922 788
100 266
779 657
305 268
382 106
766 186
188 917
834 672
119 800
578 380
318 105
856 685
475 699
261 216
42 674
468 194
215 137
962 427
397 284
387 1
705 855
460 991
872 985
575 319
332 229
889 332
78 692
903 403
402 694
660 450
693 814
756 646
944 358
164 974
365 863
879 393
53 605
822 269
55 313
373 813
481 488
758 477
127 138
516 832
293 128
37 477
449 384
683 921
178 149
260 901
356 86
406 550
827 728
511 284
138 566
153 88
678 741
607 999
831 792
579 448
426 469
761 645
774 330
331 756
281 408
540 847
903 217
903 587
652 260
130 146
703 235
889 93
0 349
64 460
685 295
340 745
309 59
933 360
842 426
89 308
635 695
971 564
989 283
141 574
177 377
754 613
458 849
447 257
345 341
967 274
101 857
361 899
999 698
333 935
161 216
247 15
117 770
256 393
722 407
264 595
609 241
132 290
35 494
478 757
895 677
618 500
415 719
572 896
48 383
479 268
954 336
610 794
893 57
776 580
868 744
458 7
641 419
548 635
452 563
735 515
795 510
269 46
820 215
209 674
299 984
829 169
774 927
613 838
679 647
177 694
315 12
13 593
994 140
902 748
592 4
74 676
275 397
639 935
902 715
618 183
143 623
577 766
151 752
535 768
422 356
518 212
876 231
60 941
938 836
887 845
48 336
664 185
793 356
921 302
695 886
449 326
466 563
597 833
688 549
697 743
620 138
595 197
14 983
568 592
238 125
612 255
749 106
774 887
623 69
982 669
96 693
458 814
912 465
495 256
167 944
788 669
529 876
143 358
322 881
815 836
951 772
658 897
335 163
250 957
533 887
959 665
657 195
978 41
678 246
88 776
558 802
74 672
960 915
374 515
311 634
184 972
148 259
809 859
45 449
776 999
315 353
133 774
54 693
971 685
720 432
132 38
897 816
925 624
950 265
967 76
618 456
161 785
195 475
589 552
36 408
875 153
48 947
54 387
681 370
652 370
544 271
387 748
934 507
16 144
88 341
543 359
801 652
543 539
685 503
197 766
858 844
911 518
569 810
948 953
994 388
664 3
888 680
286 780
809 166
868 334
726 14
197 0
807 827
230 984
25 826
569 672
977 329
83 465
1 14
510 827
901 265
900 234
38 241
739 598
524 384
364 573
763 89
966 811
711 882
432 143
386 391
319 553
989 735
642 320
496 97
646 480
703 555
415 669
44 733
593 781
267 106
437 929
328 37
885 924
36 20
726 525
958 808
326 810
878 24
995 951
956 464
731 500
86 372
782 922
239 864
699 548
616 786
857 743
634 523
669 849
638 7
1 856
688 885
617 692
815 668
801 175
842 776
347 323
134 132
734 886
982 10
584 972
537 436
27 842
593 351
769 478
349 908
250 606
344 830
484 829
566 490
886 828
840 37
19 30
109 282
257 144
387 478
247 976
390 901
867 65
195 315
47 552
73 347
37 526
921 784
898 228
611 86
587 958
454 507
273 288
137 630
233 290
594 36
159 124
454 56
457 203
459 344
635 193
158 252
771 318
966 611
34 751
762 352
141 892
419 581
47 141
736 486
120 928
294 587
733 836
396 80
132 325
364 564
335 901
348 849
694 697
520 48
72 370
282 272
95 174
815 849
14 282
871 723
687 616
937 967
587 906
279 976
386 980
502 31
692 497
773 187
891 122
176 294
867 705
292 606
305 96
154 835
586 985
103 309
66 455
465 1000
342 510
81 44
761 200
898 471
190 976
690 93
19 275
286 213
744 959
838 935
260 433
35 728
321 640
918 982
707 233
639 854
31 145
380 360
634 767
924 801
786 652
72 479
843 847
226 129
974 715
615 879
760 500
547 646
308 283
450 508
421 279
713 688
690 952
465 351
491 208
182 606
375 753
224 766
168 10
656 239
559 671
448 619
177 772
597 171
47 799
966 283
803 877
492 590
26 716
489 481
124 533
563 669
330 823
368 995
700 953
999 731
449 906
818 636
255 794
55 286
779 923
912 675
611 586
12 521
226 807
258 247
431 764
977 435
756 50
648 447
924 812
695 191
325 347
859 239
311 63
612 637
416 300
864 671
117 918
391 698
206 445
236 977
146 140
624 286
169 271
70 764
695 267
479 876
815 303
360 771
970 564
713 334
140 159
522 297
964 661
973 207
300 27
10 293
318 650
933 529
357 375
824 87
440 954
839 235
748 195
239 136
227 551
827 888
544 845
771 346
630 89
391 598
104 3
90 383
625 555
414 671
515 160
223 655
429 251
551 916
430 298
331 277
446 534
694 347
622 705
171 691
302 350
628 732
640 470
526 810
71 353
311 278
977 2
767 818
152 965
371 527
864 961
124 372
88 380
390 239
270 556
217 497
386 79
619 158
948 603
114 376
403 209
415 756
974 699
872 999
466 362
553 650
453 253
685 398
289 995
112 742
509 386
30 493
345 392
294 137
960 601
794 231
253 743
644 2
969 877
792 680
72 547
634 549
108 522
363 33
613 877
73 922
314 239
919 407
904 296
284 108
275 642
539 834
429 919
817 748
366 498
624 703
106 95
541 486
287 960
349 211
171 458
431 964
790 463
765 721
810 467
750 625
151 671
962 859
27 633
221 365
761 557
566 184
665 44
346 837
778 529
143 409
42 835
814 430
958 436
818 658
836 774
1000 623
704 669
718 261
166 184
826 873
76 347
391 459
193 363
388 829
554 758
556 527
387 34
322 266
232 631
168 929
40 754
608 414
500 236
35 475
253 595
68 608
951 461
241 874
365 420
684 333
983 1000
30 5
594 282
732 734
418 555
953 251
240 668
297 899
967 217
43 154
717 289
861 555
884 850
303 727
876 782
719 71
345 643
55 506
603 467
822 6
709 277
672 300
276 385
55 355
453 282
386 229
216 624
52 812
30 437
603 862
974 207
453 880
526 640
223 963
379 145
48 372
485 902
936 289
10 765
814 706
430 663
339 111
757 620
499 326
200 772
800 335
402 126
788 974
118 242
230 0
379 600
602 704
987 361
866 388
595 68
707 196
558 629
488 433
306 760
465 691
594 169
68 690
191 633
96 418
49 999
82 521
879 984
618 783
375 621
11 39
674 222
344 978
356 540
260 835
386 193
952 347
69 510
482 479
393 750
957 660
697 286
890 172
380 175
701 979
202 475
441 377
708 879
277 524
999 262
449 707
543 735
169 590
871 237
424 2
820 965
421 259
563 518
808 820
205 457
928 772
409 752
323 340
652 92
526 748
581 488
629 186
812 395
533 619
902 830
850 515
835 164
216 156
805 403
888 607
904 304
51 555
858 108
196 556
221 318
586 87
324 739
272 628
50 852
930 222
455 327
557 548
559 430
338 876
972 481
964 631
576 124
565 40
272 234
379 193
208 1
892 684
103 306
367 397
341 243
453 566
479 334
974 642
873 248
457 854
531 322
503 997
613 727
429 584
826 384
824 108
110 461
349 0
715 307
800 80
585 844
139 934
576 755
782 763
209 829
814 329
281 297
632 647
283 129
286 845
792 701
502 739
339 351
817 633
766 802
442 389
25 455
475 54
823 685
495 251
404 511
68 936
648 399
805 555
503 791
609 997
188 544
181 220
722 526
35 376
65 15
561 172
827 999
987 131
207 590
139 105
466 876
59 857
589 584
672 741
402 990
70 130
57 988
403 150
927 739
748 630
689 585
196 712
936 387
264 106
584 52
684 521
773 975
73 503
673 266
577 60
873 67
101 177
961 642
268 860
791 113
351 400
246 96
59 815
702 846
222 828
619 780
743 236
203 298
28 918
295 596
215 415
676 977
93 320
300 744
983 383
327 527
134 745
20 481
544 336
742 303
265 999
125 635
287 376
835 801
425 162
985 969
54 382
592 822
505 902
238 993
959 668
206 421
958 200
518 393
928 43
796 511
375 597
701 179
931 409
17 252
497 241
770 856
57 213
369 272
491 693
345 716
753 534
318 848
539 360
15 756
467 730
164 822
3 144
103 1000
611 409
720 272
670 671
976 642
165 853
555 474
263 670
234 232
151 904
490 455
637 371
29 469
72 310
762 350
319 124
558 776
922 120
492 734
306 446
556 867
133 741
775 88
789 621
657 449
303 132
119 802
920 79
188 234
524 639
931 139
467 92
596 621
294 427
870 686
289 953
539 565
99 914
312 918
113 175
648 35
439 384
424 417
254 600
392 541
390 192
270 363
109 510
488 968
818 510
754 869
203 505
693 887
325 969
555 772
985 156
184 249
241 858
726 574
265 185
9 198
425 692
428 678
401 830
918 895
973 851
623 827
242 821
254 301
262 332
468 682
762 319
447 459
251 846
394 30
128 547
881 868
979 475
684 15
51 845
566 330
158 491
529 796
301 343
403 454
218 201
853 690
238 351
92 150
668 878
164 26
515 63
55 383
849 389
363 529
526 869
60 847
370 40
629 19
91 385
790 840
423 334
85 55
553 604
715 455
873 110
347 814
647 45
523 164
697 106
157 850
580 559
968 71
319 140
651 492
81 990
539 538
498 583
912 315
811 361
384 87
846 199
357 862
506 732
9 481
838 864
336 624
991 826
119 338
311 994
166 954
500 124
715 538
719 304
121 222
196 103
904 406
751 898
183 916
832 32
448 511
243 668
4 244
292 717
764 768
839 370
582 627
391 900
589 678
751 419
609 279
125 976
489 357
877 725
389 205
179 312
714 20
540 617
581 320
44 477
617 393
253 72
883 952
29 147
169 648
652 940
107 735
299 790
360 265
169 295
377 913
69 607
418 887
744 844
113 211
92 14
868 361
93 729
890 912
976 103
142 46
398 384
454 320
709 83
676 99
493 990
389 761
370 351
114 634
263 44
434 550
41 173
912 404
287 270
528 705
79 196
457 57
93 96
267 514
573 267
803 413
840 20
36 425
829 371
425 215
270 925
47 252
351 427
888 924
35 14
948 525
949 244
25 252
60 541
456 475
579 142
325 633
443 125
20 234
791 851
419 650
866 935
762 692
996 128
869 481
751 535
211 382
246 755
77 530
661 110
624 509
49 334
782 898
900 766
160 164
175 678
618 468
627 397
857 125
390 909
597 502
588 177
524 725
864 914
319 434
201 944
157 571
996 889
371 924
473 795
967 451
423 98
787 828
741 140
559 383
493 224
89 905
830 132
90 180
577 362
209 301
717 711
898 854
347 614
442 646
338 348
893 448
855 417
815 182
233 6
323 698
528 647
760 641
274 540
81 99
844 389
598 500
754 630
972 157
562 638
733 31
505 839
414 179
590 376
778 815
499 791
420 761
662 922
407 698
147 555
12 968
118 131
257 431
496 868
1 8
513 0
636 350
827 690
764 127
628 37
612 307
242 297
881 667
736 849
17 889
927 78
100 735
272 844
817 327
698 603
160 863
810 58
407 963
993 15
935 174
502 110
437 274
272 815
757 704
595 875
910 592
985 759
643 486
910 421
92 982
957 499
647 843
265 80
14 732
1 205
1000 402
891 150
236 160
440 646
861 830
291 825
380 953
742 461
429 765
842 347
292 488
441 966
413 739
904 449
24 883
960 396
998 821
209 831
175 706
498 307
290 461
817 109
56 948
723 801
541 314
619 484
749 708
425 159
439 800
952 868
658 877
73 943
253 108
874 939
283 689
243 330
168 885
900 783
753 851
288 666
814 11
201 73
714 125
227 720
726 942
111 212
54 800
861 211
646 137
450 170
36 979
309 728
905 646
684 487
937 762
642 636
373 461
286 207
831 466
64 32
826 748
289 948
481 240
413 315
546 447
238 277
245 211
172 996
401 159
841 34
674 554
558 831
366 402
307 356
400 545
934 968
522 260
334 914
125 881
721 322
614 773
10 923
168 856
144 906
850 37
454 296
743 662
389 322
435 35
846 578
108 215
200 671
414 659
95 804
35 908
25 841
267 252
482 616
454 677
645 918
463 822
818 51
785 81
588 461
302 964
13 103
303 156
806 712
594 584
838 218
973 131
729 697
210 482
101 249
142 737
135 299
743 986
223 665
831 376
715 816
656 515
71 219
718 816
527 731
177 608
88 552
767 600
751 199
437 727
262 298
401 665
447 6
686 935
641 144
95 140
372 434
736 889
543 386
743 1000
719 320
569 968
53 899
961 720
173 668
904 179
564 150
578 121
720 3
838 2
512 350
656 534
532 908
68 9
897 384
160 754
104 292
195 833
881 676
224 403
595 171
915 703
814 39
682 862
730 743
504 459
486 521
511 278
476 518
675 470
278 641
672 483
449 264
505 302
985 150
353 653
244 731
266 354
817 318
48 143
30 950
14 970
416 746
45 394
855 821
600 527
832 430
574 624
626 277
707 407
925 763
61 772
664 909
250 119
795 185
259 583
280 567
986 194
895 758
305 937
363 589
440 370
176 673
880 913
608 914
30 374
529 9
986 362
231 485
239 920
702 751
964 566
507 758
526 398
455 876
457 790
65 610
549 647
340 875
461 650
417 974
525 833
303 560
621 58
432 722
834 75
703 447
995 42
516 961
299 572
839 797
119 399
600 152
40 410
91 920
848 698
441 268
202 606
221 407
119 589
323 896
658 631
165 613
104 524
13 361
725 374
991 600
508 246
445 967
580 641
932 73
958 954
907 564
891 184
732 920
555 452
272 497
154 771
933 172
378 558
220 97
512 922
596 478
493 108
916 818
590 989
775 187
366 878
353 432
914 255
225 113
123 237
545 296
729 137
787 431
617 517
256 852
126 940
13 209
864 860
639 214
252 90
274 18
303 495
421 868
145 170
562 323
678 569
186 544
868 41
983 809
743 812
548 991
323 409
607 480
802 877
876 621
302 928
552 176
388 863
326 141
690 743
809 60
728 105
348 447
288 458
246 368
74 944
365 690
615 711
149 830
142 892
664 778
232 737
673 858
162 132
388 539
735 924
242 889
172 599
19 750
730 824
511 231
316 652
283 548
536 628
680 909
849 881
679 172
292 889
173 429
497 959
501 30
958 858
608 283
565 569
26 417
12 978
387 690
359 37
780 439
910 934
653 485
537 440
167 245
551 689
797 582
509 89
133 130
531 622
123 834
586 630
508 160
657 952
751 624
957 497
845 252
584 9
256 441
746 934
686 978
304 902
493 383
380 307
123 835
976 489
684 980
102 162
235 703
738 713
155 557
781 463
101 90
425 226
621 38
403 27
898 570
402 957
685 547
744 223
351 92
245 399
655 274
103 645
24 456
878 893
361 598
894 194
751 542
799 354
879 653
297 949
567 440
187 421
734 106
357 216
68 393
905 692
407 654
971 790
797 372
933 317
866 500
750 720
830 206
618 98
574 777
667 489
33 282
819 117
741 6
635 759
101 711
218 699
453 430
271 201
309 152
309 480
722 162
686 164
85 357
988 16
143 2
682 538
685 741
13 38
116 358
848 236
270 622
310 503
167 721
633 185
172 541
463 414
45 942
771 247
899 696
872 829
950 348
59 601
728 180
534 847
790 819
813 908
162 124
702 681
272 283
468 666
709 386
583 508
405 247
905 29
41 82
657 579
293 7
229 408
647 257
289 719
241 244
337 940
496 536
558 827
59 859
299 477
394 36
791 95
345 627
688 306
255 738
507 218
444 968
888 850
163 990
204 57
976 97
75 499
685 383
16 981
657 978
240 778
463 975
350 504
66 133
89 148
571 227
531 812
388 777
40 559
553 795
680 850
154 78
783 768
108 121
419 28
114 474
454 212
437 821
530 175
161 175
654 580
305 368
839 70
238 814
533 452
319 552
55 995
328 717
53 406
229 344
583 710
871 740
734 904
595 182
273 934
406 402
762 166
5 854
214 290
232 753
315 129
517 278
672 237
440 371
324 825
2 636
793 142
227 470
654 990
240 544
259 449
437 86
636 160
299 836
388 146
792 41
644 733
225 449
20 441
352 167
338 916
405 716
14 824
199 656
687 88
227 845
112 775
813 3
338 358
780 130
353 693
466 218
148 624
282 737
856 318
51 796
208 847
969 765
211 365
132 118
85 304
906 695
926 812
952 493
502 508
856 18
515 101
193 118
499 646
548 951
610 489
182 775
622 742
186 101
27 967
823 446
471 484
646 162
1000 108
721 724
604 370
697 650
283 125
834 880
474 654
699 361
717 898
42 658
576 468
901 767
193 321
39 490
108 454
106 59
114 161
956 187
491 902
477 430
901 937
216 985
112 639
22 393
587 295
436 643
916 208
442 92
557 195
826 136
976 971
961 913
518 306
712 213
454 580
918 265
771 285
653 990
246 181
109 413
630 102
408 159
590 63
418 646
145 349
439 514
687 309
13 559
972 223
599 186
87 894
368 525
740 960
76 970
53 520
31 774
172 55
4 333
39 641
238 317
318 360
594 196
236 469
126 269
905 804
448 61
121 247
63 953
22 348
620 505
38 386
521 671
605 168
109 289
932 177
373 406
618 370
841 238
109 911
694 635
669 444
665 806
101 978
445 673
696 346
726 658
198 440
308 149
708 546
387 101
429 107
500 860
921 291
42 709
81 494
258 891
740 900
493 398
866 85
161 130
494 145
205 972
819 272
804 106
918 796
397 594
981 529
238 209
80 126
166 895
684 276
360 653
515 957
489 34
211 770
332 473
331 296
444 475
946 140
154 612
327 622
12 867
795 211
679 101
547 178
751 826
2 246
485 387
251 439
105 396
755 158
284 640
724 855
137 735
172 763
181 792
154 761
942 708
366 643
649 827
427 49
707 815
881 57
325 409
657 998
308 437
873 46
287 214
368 702
349 273
857 996
711 681
536 510
471 181
214 925
389 260
746 374
988 593
654 295
572 208
300 845
700 67
224 896
344 158
88 286
983 94
108 888
773 900
1 470
724 101
881 674
138 925
390 145
650 967
5 6
64 64
139 228
191 472
233 158
403 21
630 559
986 214
596 218
810 712
735 802
662 496
664 852
81 188
434 597
593 426
55 108
911 698
584 960
62 321
340 893
148 261
127 357
941 395
476 103
533 498
780 967
619 143
416 410
606 803
338 318
552 477
265 509
628 884
638 149
639 234
279 618
204 921
841 229
737 885
195 919
593 223
896 988
441 833
749 436
840 632
691 669
573 106
331 518
0 571
347 906
803 50
137 421
215 876
105 409
754 438
583 762
439 187
138 570
30 743
850 393
1 101
70 47
497 112
225 29
932 894
722 184
158 306
783 302
89 973
617 975
114 104
97 573
686 924
236 376
181 546
645 179
169 309
33 783
767 463
235 173
458 957
868 728
147 698
385 950
158 22
679 273
56 819
408 760
36 644
894 15
617 990
238 466
12 871
25 277
904 939
170 30
433 227
939 148
593 469
661 661
569 622
538 542
119 620
258 12
78 834
108 944
39 153
317 578
947 871
449 505
487 42
377 216
608 103
248 802
75 531
801 53
330 872
754 231
864 537
863 665
523 275
925 686
438 778
306 955
839 691
76 660
324 4
674 519
921 17
626 324
465 989
935 389
370 702
251 278
875 472
113 165
739 313
752 455
561 333
837 679
942 542
457 685
511 191
821 312
433 493
537 36
653 615
194 43
6 340
265 157
289 521
905 813
219 857
577 479
180 159
482 422
375 669
777 266
433 696
50 554
334 294
754 804
290 112
124 509
213 576
137 769
207 242
334 284
907 849
226 464
90 323
287 967
704 410
531 106
965 10
800 644
1000 808
153 442
315 380
6 392
91 236
310 821
812 328
916 110
75 61
362 867
107 25
504 742
355 607
51 857
67 295
244 33
191 926
923 47
423 719
326 414
926 974
7 441
516 671
693 727
452 299
490 890
72 196
120 291
413 459
778 182
398 436
237 822
800 631
617 930
863 891
43 411
862 741
86 833
546 621
119 628
148 931
421 218
112 165
803 7
881 407
455 498
432 189
100 221
901 943
101 148
377 57
59 599
965 522
715 883
362 399
124 745
673 624
339 284
379 457
951 401
886 247
937 698
669 302
366 559
695 912
345 510
997 578
748 307
956 398
426 228
973 691
105 67
654 609
1000 269
252 999
644 358
213 75
912 423
365 395
35 279
773 948
893 303
773 743
686 718
418 482
802 517
145 374
667 962
911 680
732 834
457 177
964 883
37 21
645 64
64 76
581 202
647 229
860 563
518 772
662 656
649 920
791 617
202 731
623 705
383 930
973 388
685 784
930 92
454 780
975 494
806 563
155 737
218 971
999 339
596 552
932 532
10 686
918 404
692 236
992 895
934 221
465 88
913 331
773 220
684 342
110 66
443 62
645 199
516 5
842 631
127 903
226 400
581 584
13 505
718 33
263 508
552 509
587 576
406 206
192 878
602 527
569 412
591 181
143 757
752 144
552 982
993 101
952 167
566 923
812 763
402 462
135 637
879 312
496 971
456 256
830 529
740 190
707 382
356 992
952 425
265 821
76 357
625 299
249 116
293 837
557 32
630 260
777 16
479 182
984 673
107 525
330 279
20 484
720 41
662 431
577 603
50 235
992 794
951 373
206 648
277 761
131 652
572 897
769 705
513 971
886 297
430 192
484 557
21 389
173 264
190 168
999 64
756 889
452 18
447 129
908 276
424 222
989 440
157 971
488 668
590 827
408 944
47 161
613 433
710 657
145 611
118 800
137 437
421 846
184 502
352 512
852 366
764 990
156 495
866 547
194 722
709 259
328 722
811 476
451 626
445 394
615 657
174 324
917 461
213 261
755 995
660 455
273 926
249 923
505 131
940 89
149 533
731 14
0 227
387 638
204 170
770 214
871 457
638 938
934 524
748 270
834 934
183 30
349 815
219 443
270 882
110 258
554 412
968 933
619 63
939 817
550 484
89 821
37 78
490 765
996 860
236 889
666 563
699 239
257 538
408 10
469 84
930 646
348 784
326 889
743 790
652 375
372 628
464 425
818 72
56 864
381 291
338 642
70 549
328 280
853 652
468 380
752 501
705 774
414 925
427 584
981 241
526 81
763 248
608 860
282 207
629 220
838 812
314 351
706 366
629 280
198 422
442 402
814 436
503 95
838 490
960 755
40 471
530 898
17 371
892 194
545 527
580 226
323 1
340 197
334 177
771 37
826 637
497 428
984 676
946 467
180 250
590 702
209 808
916 716
171 136
78 596
353 561
245 996
734 823
514 598
27 683
151 10
5 788
725 908
636 960
143 203
207 89
583 22
875 535
754 360
937 66
52 527
237 317
780 781
441 820
61 67
226 542
661 653
421 159
868 318
246 833
762 551
891 8
857 879
999 949
345 586
494 265
153 15
358 819
94 558
550 446
594 682
682 157
538 758
489 209
797 706
868 529
961 424
942 123
987 732
385 824
12 551
500 749
312 857
923 40
125 176
579 7
914 550
982 944
249 639
101 716
301 412
922 558
186 401
481 191
202 340
410 950
630 136
814 116
647 675
771 499
565 476
312 924
148 80
820 64
18 218
89 631
297 608
872 384
172 522
897 292
388 291
819 600
832 626
505 85
667 924
52 663
660 432
681 994
411 245
200 371
623 876
756 226
623 970
289 277
411 493
724 682
290 206
401 262
8 234
112 278
6 558
227 15
678 216
885 601
406 581
228 786
128 927
613 891
503 529
581 931
155 953
293 668
106 6
316 705
105 373
852 641
219 896
653 784
382 932
63 776
495 920
587 654
829 612
377 921
820 353
997 313
205 203
554 471
626 439
32 174
824 855
207 763
515 753
202 680
823 613
562 928
696 397
60 597
304 844
502 934
317 809
91 144
390 746
986 158
829 22
859 402
625 950
73 819
231 43
912 633
336 960
670 783
681 707
7 986
955 727
854 456
187 558
794 357
27 744
9 179
816 630
469 604
522 334
817 892
356 448
67 377
19 604
942 247
777 110
364 407
877 34
34 334
751 96
603 164
725 827
725 832
875 908
851 534
550 878
805 918
539 5
120 809
726 636
344 544
909 636
167 461
516 469
648 590
979 948
594 996
643 755
497 60
891 799
565 635
975 382
553 679
344 260
298 891
392 21
317 275
714 141
29 229
280 930
180 301
708 468
946 762
170 489
101 392
933 808
274 98
141 313
578 605
670 583
466 542
653 980
769 690
693 311
667 540
131 717
649 451
488 781
411 654
983 448
318 736
724 6
484 657
627 601
604 975
394 644
265 163
962 334
553 621
265 335
370 707
53 593
483 143
465 839
583 812
44 924
336 114
851 764
270 465
823 310
294 180
726 413
239 166
794 904
521 16
976 761
740 51
52 720
850 328
703 156
893 655
342 198
879 195
818 745
552 487
351 965
316 998
57 422
709 448
382 111
676 469
9 116
159 456
855 70
926 18
346 555
622 425
813 966
51 447
349 636
121 759
750 47
439 767
363 914
248 899
548 685
4 855
724 455
161 357
608 81
714 67
790 690
651 483
481 324
573 870
728 310
329 813
408 864
780 578
734 424
408 818
816 694
692 111
263 838
400 849
897 922
836 451
170 395
486 653
224 752
855 636
121 184
194 447
315 34
440 547
659 381
694 879
161 696
723 622
586 578
709 612
448 1
713 143
12 815
942 412
797 111
229 872
541 415
431 115
963 793
110 669
81 875
430 760
736 744
656 694
18 413
210 466
255 376
629 683
415 310
118 904
954 645
949 267
834 642
305 266
52 14
197 25
784 535
231 598
839 739
174 932
194 884
49 895
727 950
790 643
578 252
141 729
127 178
922 76
952 250
104 479
962 164
232 944
122 213
469 668
565 965
615 236
325 485
658 843
740 272
52 894
279 702
896 630
222 450
181 117
892 110
141 534
68 818
607 104
293 504
802 705
893 816
239 547
253 462
963 187
172 214
402 399
133 793
814 542
614 780
418 240
20 839
221 875
222 197
429 961
66 222
647 111
65 69
430 158
601 68
176 205
318 290
9 894
594 814
298 597
620 870
711 861
541 63
701 878
688 109
401 54
846 724
977 219
269 87
493 603
362 776
537 370
675 659
640 938
692 127
93 329
559 536
325 691
704 631
225 378
463 743
412 702
816 316
251 293
633 140
593 39
102 805
568 86
6 534
776 862
559 48
174 732
162 710
386 272
392 398
670 349
283 662
946 44
527 322
224 262
283 84
81 864
492 387
553 426
490 305
226 354
638 109
805 466
634 701
942 180
800 178
461 224
31 549
201 992
579 543
405 782
27 419
434 831
511 972
532 184
510 948
991 609
4 119
270 857
911 406
896 25
221 322
47 104
387 671
975 814
730 265
856 379
144 967
784 198
243 757
364 766
714 812
721 646
515 634
614 428
140 631
607 38
265 136
903 755
645 203
244 549
993 787
395 308
381 722
181 848
347 214
136 562
635 104
195 50
394 694
433 634
880 766
558 426
640 467
522 403
898 172
116 797
9 152
166 265
276 635
585 242
487 370
601 408
110 705
441 819
219 581
356 754
897 587
157 941
385 453
354 724
266 359
343 177
190 27
431 39
28 544
550 917
824 685
28 261
559 13
408 90
659 962
796 618
353 929
349 833
106 264
820 683
508 749
560 612
118 40
274 857
513 13
957 995
961 558
77 906
438 171
60 183
653 185
407 122
971 150
183 443
36 410
7 856
115 680
675 988
606 871
104 45
619 793
766 420
699 953
43 684
736 326
724 908
917 737
437 206
641 687
310 853
920 251
42 141
905 801
177 453
814 979
506 2
971 860
245 144
192 706
959 271
203 656
486 552
328 485
788 270
485 777
811 587
779 723
40 178
917 394
508 377
701 469
970 912
196 372
46 73
909 282
821 442
964 34
233 438
897 967
93 392
305 667
459 835
764 294
778 680
880 995
511 468
271 252
272 156
334 867
537 413
680 687
858 904
817 657
506 453
147 935
745 991
643 185
154 81
864 711
463 81
461 251
158 524
630 721
213 314
629 732
412 666
387 878
116 292
564 891
440 781
975 627
687 7
979 808
450 112
642 938
919 487
65 457
812 116
460 484
351 97
329 529
554 899
541 825
604 912
684 426
623 640
642 557
621 254
530 123
26 276
767 421
665 664
775 227
222 642
546 902
534 683
358 346
236 478
966 980
146 526
391 332
766 77
190 456
273 475
456 307
751 221
478 885
38 580
408 85
327 533
983 341
363 175
847 975
121 597
321 808
329 302
843 322
237 175
768 803
392 137
125 177
346 893
858 268
401 864
989 670
927 48
232 656
469 348
927 525
795 218
844 992
23 71
932 430
796 371
625 557
748 582
376 670
727 800
826 998
606 609
749 939
736 217
806 445
29 167
878 490
227 133
137 961
861 656
229 598
589 78
588 959
134 875
928 16
878 771
60 779
128 26
867 427
579 261
983 5
510 477
256 433
115 892
494 486
305 356
951 334
319 932
636 219
533 92
376 384
610 242
929 327
771 385
81 567
268 727
761 425
46 469
166 505
533 973
599 981
881 876
77 943
59 209
90 808
150 201
686 102
197 342
664 611
795 643
535 359
900 361
613 189
182 776
633 302
983 346
405 696
203 180
817 7
885 947
361 441
298 345
330 877
385 218
477 651
51 483
774 83
868 15
545 725
346 141
190 74
894 902
369 385
202 407
942 727
979 843
335 908
379 34
437 238
26 29
601 665
544 497
528 58
348 232
323 125
382 366
563 636
273 69
237 731
274 75
345 801
832 340
185 136
735 626
56 283
811 419
557 67
272 865
859 899
412 299
1000 417
135 161
861 835
231 969
306 347
762 816
582 288
39 573
845 515
918 653
362 142
2 248
892 673
977 671
807 312
443 254
651 84
655 87
587 348
453 729
368 516
476 111
592 18
771 215
533 95
212 969
185 773
706 916
640 492
542 324
747 778
664 879
375 279
936 555
634 415
460 966
237 978
436 89
237 381
301 159
963 600
850 806
746 902
863 514
660 202
120 141
234 335
869 704
30 556
176 884
79 780
351 302
14 610
662 727
507 805
478 309
665 209
528 776
450 349
993 939
563 678
276 760
953 854
694 743
291 663
842 448
865 280
64 848
561 16
55 115
44 69
724 50
663 769
892 608
300 971
717 773
191 457
104 725
771 708
880 491
59 810
282 63
846 581
904 928
23 939
52 726
412 465
565 518
4 794
318 613
217 182
965 349
735 276
583 700
682 628
739 456
261 344
111 865
746 587
221 673
839 576
28 881
771 371
368 63
23 993
393 278
44 437
36 276
876 271
691 665
808 114
158 362
642 807
621 101
998 562
471 376
670 797
34 282
995 673
807 50
78 477
749 542
542 115
789 304
879 41
185 497
132 478
906 674
103 668
632 802
682 132
735 133
125 8
552 349
661 590
20 347
805 933
690 284
194 440
202 109
274 305
777 137
491 492
845 347
529 307
336 166
250 257
272 845
562 729
572 941
549 274
782 311
611 410
881 67
547 835
134 147
743 579
403 962
110 636
475 429
339 144
717 815
356 813
546 61
548 488
628 23
930 710
260 67
210 791
256 69
195 574
91 278
353 832
805 459
765 626
102 391
182 154
505 941
810 342
577 641
491 976
363 205
833 456
905 452
16 339
877 293
372 473
609 824
384 946
273 658
586 962
914 423
89 93
997 139
202 840
803 468
133 455
867 80
188 495
856 967
456 777
881 830
34 243
586 119
855 398
29 675
748 738
124 687
512 329
612 241
961 111
572 356
421 509
4 168
341 159
25 966
100 122
102 159
682 720
383 935
467 842
325 369
491 46
84 263
207 530
249 435
735 842
92 675
837 400
533 519
147 601
296 210
573 228
990 989
683 839
205 350
785 433
703 915
949 84
797 379
264 878
754 990
639 816
394 43
436 258
840 944
148 116
642 959
287 826
131 329
927 117
421 443
769 155
868 232
72 36
474 319
161 853
130 656
72 280
187 729
609 715
623 208
378 726
512 844
53 409
159 201
59 267
872 401
560 349
306 725
775 493
271 541
33 500
432 932
460 149
180 108
725 231
949 620
954 849
29 617
802 306
280 110
17 402
74 265
430 861
871 810
316 709
813 87
408 691
551 593
513 530
760 148
484 95
195 438
958 104
587 878
182 876
334 778
287 97
80 720
304 362
255 383
658 132
459 381
463 537
480 103
435 936
47 722
241 630
843 934
550 512
722 608
908 571
471 204
321 592
556 34
498 826
199 827
105 412
987 223
37 774
261 468
985 69
846 290
802 927
946 127
125 814
237 901
141 613
415 870
388 60
964 387
982 788
338 533
667 595
434 738
90 904
95 380
411 571
219 692
569 701
663 519
95 893
352 231
440 51
259 739
514 73
178 543
116 81
823 376
692 926
253 221
507 729
173 74
519 272
382 144
597 435
199 93
430 89
548 660
746 706
877 258
13 196
547 647
921 575
440 716
234 313
370 291
558 145
110 2
869 880
550 718
130 648
390 111
117 148
720 155
662 489
303 151
696 128
888 690
331 495
814 655
693 599
444 474
907 817
302 365
45 351
142 596
5 949
383 522
641 7
499 6
912 611
91 359
922 501
226 313
145 306
877 46
429 85
77 881
137 706
921 786
789 606
245 246
164 550
774 802
459 414
674 316
159 569
544 878
263 4
818 567
669 490
359 209
344 3
695 870
767 665
861 947
59 899
264 219
825 434
572 803
910 160
719 414
267 217
235 15
232 366
456 399
802 803
421 608
997 450
472 396
557 208
48 320
262 530
131 905
497 365
590 8
102 940
474 540
14 222
159 605
515 382
90 960
727 342
575 108
49 939
961 412
375 398
895 534
909 409
776 842
952 281
761 501
553 835
42 985
240 735
962 150
611 702
735 156
540 209
934 308
835 131
284 172
99 409
721 559
578 664
0 397
728 823
551 767
694 798
895 181
218 694
692 619
91 174
956 304
325 72
815 38
897 807
245 153
914 961
624 382
778 304
89 616
596 285
873 247
760 961
156 707
326 699
441 115
468 162
94 592
958 56
66 194
132 987
735 507
83 609
754 130
802 462
447 381
711 133
335 564
65 890
252 941
822 900
4 346
333 78
958 838
493 452
266 958
859 784
393 619
377 969
980 438
671 935
668 356
270 19
490 250
255 245
714 270
248 640
799 871
463 834
929 283
4 479
202 153
372 876
638 354
850 583
113 50
858 812
186 951
700 996
357 895
690 455
379 834
174 401
768 624
759 437
966 505
329 24
130 457
303 972
729 855
315 931
909 831
960 222
10 56
35 519
167 995
589 776
456 249
660 126
799 129
985 929
127 505
852 172
517 659
462 610
294 217
612 889
122 756
964 385
255 577
485 35
885 161
830 763
197 356
584 423
456 82
617 648
51 31
452 406
297 663
55 364
269 550
129 61
451 181
514 290
77 901
866 125
150 595
944 271
489 266
52 360
305 237
996 764
475 374
564 671
348 755
675 369
432 708
14 453
534 51
173 489
4 895
961 304
80 400
587 718
262 843
255 143
118 989
114 212
449 511
378 843
757 599
838 324
397 27
645 1000
11 480
102 97
400 176
103 280
995 535
868 820
552 897
345 175
610 378
357 23
389 431
843 936
343 180
918 228
883 861
7 568
202 640
174 265
205 374
653 960
214 806
223 856
233 522
26 52
966 32
500 261
24 873
460 953
871 393
475 112
390 243
526 958
158 347
861 236
935 333
725 118
945 666
543 139
17 26
28 39
578 693
767 554
656 55
224 31
839 981
197 837
581 20
970 897
612 62
551 21
472 384
722 524
185 150
840 548
929 730
101 64
311 215
980 563
218 211
949 510
159 67
426 826
898 254
70 310
30 301
27 461
8 395
71 345
84 472
519 52
359 702
20 255
237 364
349 776
692 54
674 389
746 364
422 535
887 488
379 261
89 755
992 430
577 926
958 418
526 631
170 862
273 962
52 669
367 962
803 983
896 251
728 131
453 751
44 724
934 751
941 271
933 699
4 100
49 811
854 37
867 538
243 278
949 71
548 556
717 738
332 534
17 277
727 337
138 169
600 974
999 344
86 58
650 524
815 2
135 103
254 166
402 751
108 905
292 549
85 43
711 273
646 552
25 822
46 65
539 467
788 905
881 55
435 479
534 530
29 908
118 132
679 696
638 143
1000 905
525 185
530 246
514 528
312 513
786 530
349 43
926 341
903 963
483 889
836 112
883 72
708 678
389 918
403 187
816 709
860 477
439 990
35 679
760 576
554 402
209 852
525 191
511 341
217 893
19 860
218 411
138 680
503 210
174 16
993 396
852 345
234 384
196 455
986 791
288 343
516 30
312 457
813 835
447 189
337 210
741 819
10 203
255 231
747 472
299 6
932 539
318 217
267 351
580 960
620 399
938 771
417 966
679 758
626 664
319 522
996 220
114 178
885 137
930 763
11 544
403 108
120 154
232 336
700 665
776 761
273 634
274 298
219 807
347 144
879 187
812 999
58 113
280 0
150 356
410 601
186 503
468 514
17 173
483 662
172 129
820 434
975 376
841 320
985 94
860 378
508 31
654 316
826 357
260 256
342 790
444 894
590 370
885 439
897 689
440 683
409 227
451 887
392 10
344 370
822 486
488 35
762 644
334 507
443 173
569 319
526 70
962 563
853 380
333 28
238 647
189 448
239 924
696 221
401 300
676 284
145 329
320 96
886 998
208 373
892 63
481 757
916 624
285 91
706 47
781 94
998 637
408 41
799 928
869 473
878 655
322 460
7 774
937 205
539 504
812 811
525 684
822 69
991 48
126 526
988 103
422 175
863 628
699 847
860 698
44 341
846 333
956 327
502 397
207 998
647 425
808 954
739 30
176 687
644 263
854 949
580 25
535 945
671 644
52 603
238 177
316 723
861 444
170 883
828 49
494 716
282 872
516 559
33 519
417 441
31 96
225 532
470 777
892 7
790 150
380 26
856 52
805 444
152 475
888 684
757 596
242 594
519 336
911 419
484 844
909 625
460 961
654 220
746 328
21 430
1000 930
453 718
469 761
917 999
631 561
484 324
433 853
861 0
903 426
355 93
534 183
569 463
237 651
944 518
808 136
5 416
552 411
964 256
148 218
817 546
737 418
722 488
778 651
309 767
391 124
606 500
672 196
340 845
139 73
820 232
160 404
685 157
436 609
260 842
332 91
957 708
55 881
756 630
611 565
572 123
208 5
337 326
490 288
657 326
624 517
603 997
881 817
186 454
50 180
81 441
31 527
282 34
442 161
397 503
534 655
657 763
256 284
351 88
420 143
770 926
616 118
592 476
885 541
132 97
62 636
290 324
96 952
558 214
160 852
582 219
514 727
594 779
906 290
104 70
733 869
160 60
251 132
154 904
195 288
697 13
817 126
201 586
690 476
776 661
214 131
430 128
360 805
170 462
472 470
973 915
8 376
862 610
664 454
371 808
878 189
75 591
126 656
989 357
605 756
744 455
812 556
188 940
190 453
728 32
272 384
193 504
462 534
929 856
135 567
919 17
366 920
223 882
751 77
218 595
681 663
501 608
368 328
761 864
492 192
100 377
298 443
191 342
350 218
175 272
952 333
659 188
935 371
856 873
181 624
375 291
902 530
770 235
437 208
795 286
408 315
278 967
512 439
773 791
440 5
602 995
581 10
901 447
765 479
120 907
601 267
397 789
295 96
112 179
904 578
265 13
799 860
356 594
97 630
930 624
377 126
48 378
328 738
749 271
713 284
209 655
162 846
441 489
52 375
696 706
26 874
111 134
703 691
939 611
68 788
864 43
339 171
666 219
463 659
944 240
744 65
827 444
981 977
924 983
834 308
535 299
649 626
783 420
374 417
148 876
924 387
498 811
94 842
146 418
381 707
460 267
557 232
634 844
880 349
321 825
87 211
79 885
293 480
781 856
221 792
505 628
301 3
311 913
652 945
251 902
737 299
688 60
665 90
89 258
919 945
219 731
795 327
700 162
509 962
935 205
242 835
169 340
819 726
997 538
128 79
514 350
790 598
72 957
413 207
972 3
755 812
993 81
72 302
826 291
126 762
974 875
672 554
358 137
79 339
264 153
47 709
796 779
159 463
755 988
272 147
293 751
939 273
391 279
255 786
544 667
551 112
976 198
952 74
884 650
790 435
376 684
348 613
406 760
36 498
158 57
390 329
990 412
333 395
455 979
415 485
595 44
27 463
716 178
466 371
6 599
498 293
883 455
706 216
517 169
454 998
470 267
917 282
856 255
906 464
451 707
92 16
111 211
640 539
53 12
598 795
115 270
589 469
94 725
264 60
958 974
549 326
427 912
205 182
606 789
459 778
200 718
509 579
881 725
782 756
75 831
675 817
252 984
23 2
811 211
378 271
472 909
766 7
996 423
25 793
611 144
110 851
811 400
884 283
79 29
215 70
420 427
966 755
587 93
864 150
919 770
75 148
201 9
653 635
222 225
676 252
633 957
607 477
147 869
116 559
276 281
542 655
221 528
476 571
473 310
484 711
528 982
389 311
142 140
336 493
119 877
604 83
824 954
5 665
835 641
840 748
225 521
409 430
428 56
151 344
124 851
627 170
42 564
291 762
744 198
42 610
252 868
520 655
255 899
676 172
787 163
367 773
11 30
94 802
220 335
677 738
941 21
344 557
884 693
225 878
581 642
44 293
473 150
816 718
859 586
618 504
200 815
275 940
698 450
924 183
593 148
411 59
449 167
528 586
498 214
109 154
618 762
513 802
126 812
351 872
755 172
878 382
772 169
289 668
946 923
856 474
772 683
453 997
563 194
171 781
356 903
271 936
477 615
664 409
111 400
450 578
870 334
745 940
135 757
70 685
627 54
534 319
105 821
386 40
846 352
951 200
40 683
431 824
287 132
554 131
354 20
579 762
583 49
123 826
482 855
42 273
346 52
679 635
878 185
613 476
693 788
60 8
218 764
148 572
542 475
664 415
108 54
963 302
581 755
936 402
734 727
223 256
958 608
766 345
489 122
393 833
963 527
225 896
283 867
951 343
161 419
142 63
144 54
278 755
531 427
231 231
237 783
896 31
984 77
375 889
127 249
733 209
476 554
741 96
185 326
550 184
453 696
186 85
621 460
128 294
410 996
82 484
546 14
467 296
47 567
642 842
188 92
560 537
895 66
722 778
612 61
48 177
829 315
338 683
171 354
33 604
830 930
585 321
685 796
1000 780
819 193
928 506
9 27
194 42
718 748
246 300
660 164
734 495
275 973
839 464
368 143
846 458
178 920
389 306
887 882
948 40
334 762
413 321
930 17
610 518
287 27
738 958
695 786
756 816
616 640
748 227
522 139
395 663
217 870
104 196
588 874
949 937
473 148
771 921
700 199
906 788
781 81
320 442
495 717
919 912
252 509
617 707
883 242
845 327
278 228
428 151
701 491
974 887
951 653
227 135
337 26
102 770
422 100
937 175
572 131
946 852
951 312
81 300
174 260
543 121
801 396
546 57
75 96
706 613
528 115
973 195
272 338
875 151
333 224
813 449
913 52
423 740
526 205
209 337
62 586
964 277
795 520
669 671
302 638
692 601
336 66
807 796
669 614
24 920
946 608
144 278
177 618
856 509
894 885
682 344
950 730
28 329
584 26
296 209
910 178
397 964
607 842
967 27
901 919
8 417
737 152
204 348
767 344
670 124
76 531
142 777
177 313
729 108
122 291
685 352
902 689
412 315
355 730
33 447
548 699
938 964
344 241
496 272
284 601
151 645
404 543
524 228
563 870
32 743
674 440
113 649
486 729
985 99
758 501
820 480
395 250
579 763
188 269
606 332
809 398
243 635
46 593
311 283
391 988
506 457
79 875
415 110
77 704
15 795
243 941
158 808
702 778
828 262
794 587
818 3
829 599
808 749
542 838
216 661
628 429
369 713
546 685
650 415
300 196
63 441
135 842
702 249
932 542
229 0
521 553
500 694
364 916
96 415
945 654
241 542
972 276
764 596
591 502
697 699
512 578
811 643
71 689
65 287
755 977
255 813
309 806
775 213
848 969
488 149
736 691
203 245
596 523
957 695
836 910
928 239
749 927
126 569
524 772
946 870
581 367
497 572
933 670
262 94
183 702
283 506
648 819
84 480
869 427
211 505
736 769
47 843
475 155
73 803
3 605
965 584
943 978
273 485
398 11
747 965
169 600
311 655
829 954
287 105
343 774
754 632
68 691
593 633
505 432
607 303
720 302
256 671
760 25
520 334
111 93
856 194
491 581
401 560
183 780
997 735
347 486
600 381
102 337
366 394
257 199
851 479
328 169
955 728
980 14
701 316
617 140
564 207
249 693
962 913
65 861
947 557
976 406
935 796
95 972
228 662
691 348
638 80
91 612
294 27
554 539
215 214
893 616
133 199
569 682
347 775
615 702
608 136
771 411
310 463
3 790
44 763
362 540
108 74
555 965
452 165
825 23
505 355
729 445
500 951
232 654
749 754
523 204
393 362
403 943
855 184
396 917
150 726
279 264
36 645
760 229
606 646
523 925
381 285
618 220
339 888
941 216
465 671
444 735
186 558
668 474
532 982
275 410
295 108
307 45
977 255
300 869
302 999
700 559
397 934
62 551
255 73
365 362
646 323
343 370
544 838
885 682
727 727
491 170
233 499
587 112
528 483
1000 99
940 94
951 953
133 303
491 331
925 226
161 144
829 932
161 562
137 842
556 801
859 317
431 963
501 747
630 644
81 131
365 126
134 832
668 250
183 450
186 263
85 708
872 555
777 454
146 802
210 179
764 600
6 236
277 710
679 266
707 288
94 540
181 333
711 391
755 457
187 424
914 232
738 383
416 404
31 449
537 82
179 520
303 355
325 531
398 957
254 776
465 437
251 632
396 799
147 254
690 853
16 737
910 973
329 148
227 988
156 672
253 773
586 421
335 88
726 648
637 423
578 616
918 288
997 995
429 186
844 463
523 938
360 773
91 129
170 730
372 82
739 545
212 889
894 678
331 39
144 966
776 149
713 633
920 727
60 883
169 68
61 627
146 691
665 640
639 668
756 621
227 478
862 950
12 29
220 915
602 195
538 795
334 555
791 499
901 652
934 748
448 603
246 387
556 636
399 378
145 462
440 409
273 917
950 905
986 913
544 319
562 290
624 375
774 174
656 451
862 444
393 235
306 326
969 947
319 719
55 164
941 972
500 981
565 946
868 626
140 160
28 379
936 69
935 614
498 922
280 496
912 761
974 393
783 892
191 75
847 692
416 166
296 34
601 992
261 273
823 788
490 454
229 614
551 233
498 143
441 825
25 997
995 948
498 201
64 331
61 576
856 996
752 422
220 871
65 189
566 678
517 202
722 648
91 638
811 493
835 469
155 499
908 556
633 891
550 98
872 527
321 341
432 346
892 432
398 549
605 622
316 891
412 879
260 181
214 567
957 572
811 290
989 733
334 136
185 696
996 926
69 476
428 37
504 209
418 890
516 253
588 633
659 390
520 489
737 609
325 143
334 411
994 769
436 635
634 996
586 951
730 455
525 819
172 627
571 267
939 365
939 547
773 605
846 136
614 170
460 864
335 347
865 168
30 730
731 693
525 165
137 254
401 391
47 783
528 166
178 685
349 413
499 107
837 7
435 104
485 724
740 260
280 250
511 74
800 139
839 41
587 500
186 954
683 367
919 240
123 480
299 168
38 259
505 730
54 349
829 483
954 616
92 963
853 224
403 253
730 687
141 868
847 687
451 347
66 214
624 380
715 221
893 111
211 263
471 320
416 434
57 741
857 510
977 985
136 675
447 900
9 255
757 535
727 915
222 278
742 427
123 836
712 77
345 451
303 776
851 903
507 896
672 562
590 471
58 985
134 837
657 161
114 604
271 521
506 467
363 804
244 170
53 292
181 565
294 812
565 20
573 614
96 136
852 381
508 290
267 735
710 240
882 933
277 951
217 623
385 659
844 731
339 67
52 79
580 232
275 359
213 209
300 238
81 653
90 376
49 894
418 124
648 720
549 122
19 707
331 550
752 637
472 82
817 877
698 379
18 458
398 477
810 692
372 141
278 710
247 946
883 934
327 892
652 667
923 589
622 690
85 122
320 580
101 426
15 350
778 281
1000 387
819 295
882 13
868 807
98 663
492 499
492 936
544 154
553 777
106 735
387 910
633 13
525 229
219 13
34 846
813 196
682 997
588 429
508 122
540 626
934 906
834 458
590 148
770 675
306 40
308 649
906 44
124 10
126 361
885 642
732 444
740 650
614 560
541 502
790 955
880 46
508 863
120 462
443 223
969 270
53 14
781 965
53 967
389 280
735 56
516 426
759 340
263 177
142 93
322 55
849 690
730 53
39 632
339 538
782 935
326 817
145 529
676 215
993 103
768 584
242 285
291 207
482 23
961 722
906 588
785 223
86 762
367 764
117 102
61 75
590 243
781 600
863 675
960 526
913 143
138 515
723 305
513 132
791 99
220 893
709 57
816 865
969 851
640 377
190 755
473 810
713 419
260 345
438 10
57 301
923 910
102 668
328 370
394 540
446 82
682 156
744 589
612 111
77 391
892 305
463 688
138 116
943 268
732 804
10 833
677 608
414 765
700 371
785 955
908 108
5 602
641 606
303 12
388 498
202 464
329 999
450 748
703 568
278 980
555 82
294 244
808 976
310 980
360 724
926 541
577 508
439 401
49 306
255 379
384 282
605 738
873 262
35 792
569 401
190 853
272 529
310 300
939 597
208 674
170 916
155 97
686 338
188 606
985 947
572 15
864 861
221 787
37 142
410 427
900 50
827 836
24 114
186 540
579 601
916 556
135 172
454 72
540 71
637 453
707 984
535 465
583 558
992 506
525 43
608 946
879 85
336 458
871 47
154 779
55 777
240 504
123 281
906 930
732 435
434 768
340 173
530 757
379 163
798 437
900 402
763 447
244 66
545 366
57 896
753 49
393 114
135 720
657 594
433 611
613 294
113 547
927 836
517 457
320 601
991 235
906 219
57 987
491 691
281 588
423 261
363 132
965 267
88 48
177 231
534 544
295 178
736 847
901 384
825 824
495 518
867 406
419 266
304 628
609 853
312 527
996 779
203 554
372 85
731 449
518 673
280 167
703 343
778 628
616 205
562 125
812 703
456 363
230 670
629 918
668 640
86 441
662 176
596 326
770 350
699 469
904 165
113 402
995 182
717 970
21 575
206 643
140 666
466 579
997 592
729 151
705 13
49 699
493 217
172 469
539 245
568 561
213 256
46 651
876 548
705 535
782 271
605 609
435 792
608 696
290 964
936 106
569 190
858 51
953 226
671 959
145 414
651 30
716 318
140 331
80 960
634 897
158 372
853 535
613 718
267 945
606 74
626 307
873 522
370 363
629 563
136 575
546 164
938 297
72 26
354 74
96 604
335 212
597 313
475 150
407 425
302 935
565 247
15 25
249 27
657 351
29 415
248 525
458 474
889 896
128 88
954 792
436 862
111 283
403 771
513 193
576 150
307 389
914 366
159 279
825 452
992 108
318 5
466 288
885 779
704 474
588 37
518 346
901 45
210 498
805 777
639 887
369 264
24 885
582 88
216 306
73 676
119 110
521 648
883 94
118 918
994 327
80 975
256 612
48 400
613 624
949 133
835 938
326 338
992 638
157 897
920 620
168 776
996 417
112 898
901 655
209 187
632 335
356 768
691 213
725 98
508 72
577 471
189 326
272 604
894 719
823 367
312 687
98 24
779 262
162 195
763 163
229 26
909 755
88 376
180 253
800 720
291 576
883 720
834 724
528 759
888 576
473 52
70 250
612 362
100 671
192 958
283 826
540 593
849 960
339 532
659 850
900 298
565 775
185 843
61 77
229 634
602 772
340 390
917 270
481 393
534 841
584 694
913 329
995 186
949 440
828 793
164 72
676 804
138 898
194 364
420 81
743 522
137 457
365 59
939 721
500 655
389 86
372 743
882 846
0 564
383 798
662 16
574 3
596 605
8 906
87 177
987 383
534 953
88 565
803 57
485 408
918 42
252 210
522 558
722 150
325 281
342 358
74 736
826 533
249 716
178 590
636 371
307 638
969 243
481 218
542 522
579 252
570 502
538 867
612 567
629 460
287 537
221 582
879 818
498 233
584 635
995 234
656 42
175 330
386 462
318 153
533 856
566 639
800 853
145 449
882 835
616 73
43 571
880 601
233 153
411 54
822 760
995 20
768 415
803 638
51 360
494 295
610 671
16 180
334 794
727 935
28 171
819 923
76 307
18 864
184 634
359 508
819 310
85 755
453 907
851 342
656 962
502 558
152 158
275 295
959 421
707 968
309 727
503 713
712 95
181 129
784 547
452 40
951 870
643 84
273 131
927 813
485 266
672 870
886 441
155 722
111 600
350 200
5 845
612 3
727 379
487 228
579 115
212 212
455 113
351 878
756 636
312 795
747 368
703 640
500 574
681 578
359 554
760 241
682 742
563 465
22 166
685 148
463 962
897 699
20 281
205 10
980 896
821 151
774 658
339 496
976 806
343 96
451 745
616 710
667 154
507 415
628 232
307 951
763 696
969 290
931 117
95 109
45 789
413 124
82 90
429 871
840 52
580 889
735 523
965 707
837 898
8 19
755 918
255 118
888 540
101 155
123 725
696 753
550 919
51 805
316 920
925 623
119 633
32 419
271 212
898 612
563 304
898 32
478 653
1 677
271 438
437 580
724 238
781 325
905 291
640 401
246 434
87 620
860 324
344 528
452 230
877 493
241 581
152 113
321 377
597 869
840 2
59 434
982 92
232 634
281 842
289 498
88 13
754 8
130 365
835 909
385 558
935 957
554 128
281 39
403 855
723 683
806 39
56 762
271 285
504 30
608 438
317 798
926 809
393 152
555 337
33 161
508 211
682 564
205 809
205 437
764 415
841 858
407 758
661 928
418 379
359 80
838 142
307 852
756 796
521 368
249 342
939 946
975 768
832 155
659 91
317 47
100 420
519 878
432 563
372 940
580 705
197 99
474 154
461 120
705 989
489 42
351 617
20 90
268 105
673 520
933 702
217 992
496 796
162 180
370 789
632 394
628 684
725 414
781 664
777 384
555 492
20 252
552 66
692 750
589 928
330 993
534 765
239 504
430 768
545 745
321 705
88 528
959 304
514 734
662 69
7 915
148 556
774 54
102 718
466 446
772 592
260 72
663 937
297 387
957 31
348 977
863 961
229 265
814 325
511 150
1000 453
889 958
477 318
751 612
76 170
146 228
801 616
933 349
971 19
885 744
320 722
803 1000
750 630
949 944
250 517
840 102
140 187
417 360
719 62
982 701
177 606
733 874
534 111
393 778
856 68
106 485
663 505
60 833
814 651
415 221
803 136
589 976
646 310
995 419
422 117
718 951
910 693
724 284
718 75
244 679
479 43
796 297
527 556
48 673
796 455
188 18
640 982
667 555
15 176
621 1000
975 32
501 449
250 424
536 923
883 311
640 835
477 18
440 427
884 796
922 708
641 857
11 77
708 804
944 352
489 314
8 999
812 100
161 687
910 433
240 552
189 47
491 957
690 184
654 215
952 892
124 525
34 48
19 179
324 100
108 280
510 840
203 875
529 99
757 86
14 471
771 232
374 789
469 158
635 582
709 508
586 996
652 379
335 73
739 931
646 119
608 920
465 247
435 389
974 554
161 529
425 873
245 853
483 787
60 751
834 893
793 242
481 6
730 722
642 619
615 237
666 852
911 310
477 617
588 128
891 735
745 33
208 149
171 337
931 775
718 502
747 654
221 861
638 568
400 198
993 957
689 40
426 38
245 892
611 938
674 715
335 398
692 80
906 865
183 170
441 236
710 793
307 514
702 164
165 543
668 121
426 4
718 107
598 638
656 568
403 312
358 331
201 308
153 550
262 494
837 876
843 869
62 252
655 501
124 722
8 338
887 941
132 265
319 505
166 884
682 642
597 166
964 464
958 450
95 48
967 627
76 63
538 649
90 387
136 24
979 931
422 780
637 626
765 600
952 965
619 613
142 98
201 893
244 319
177 968
767 383
298 34
603 426
306 814
463 488
768 769
259 489
116 392
718 584
882 346
52 648
461 292
440 965
800 895
348 37
793 541
635 780
411 969
696 0
187 507
508 361
174 565
392 631
498 158
191 444
118 107
917 311
437 588
753 373
177 602
120 74
591 763
589 873
16 939
277 592
648 925
416 687
769 559
200 95
79 376
485 483
184 20
610 568
872 706
656 756
792 20
736 824
408 141
798 714
486 674
174 955
369 562
980 369
557 390
826 329
412 109
165 344
846 858
283 90
645 970
743 554
624 747
43 21
637 879
669 278
251 734
723 900
289 818
769 296
479 502
493 405
726 249
740 500
609 351
130 546
486 482
872 601
509 593
314 603
542 298
353 726
161 871
919 478
997 764
120 102
397 266
20 292
548 307
607 780
886 72
529 441
995 714
570 491
586 285
224 326
262 119
972 96
806 297
100 444
621 725
776 214
475 901
681 769
516 703
753 934
867 423
719 444
86 361
725 486
463 66
166 252
648 504
286 873
714 75
940 643
337 242
30 727
86 204
725 122
430 72
924 176
420 393
126 49
782 341
981 777
11 90
661 948
123 92
25 675
151 650
559 425
483 870
672 928
547 153
734 463
872 799
152 593
418 613
38 787
413 579
533 15
48 360
146 808
956 10
262 847
800 105
202 764
177 907
512 775
170 43
475 469
523 14
229 727
672 96
661 219
414 485
337 728
329 729
189 789
777 130
35 134
603 851
774 608
375 609
952 285
843 114
173 596
233 792
936 704
591 269
529 952
902 162
614 959
539 621
736 336
935 481
183 938
566 792
138 505
529 209
88 198
650 408
922 640
267 459
228 147
818 361
135 617
963 235
71 867
808 857
880 729
574 759
370 798
527 390
368 874
444 364
784 687
99 453
703 784
927 804
720 50
985 14
126 134
543 530
611 447
792 882
830 895
324 242
464 182
259 307
537 946
355 829
915 36
787 119
560 353
888 830
578 353
654 516
558 371
220 87
610 540
147 583
517 958
846 932
502 755
492 8
961 757
454 480
566 117
226 106
107 686
528 473
179 909
251 246
531 680
64 90
389 839
453 678
977 733
556 700
198 24
876 995
526 505
954 330
559 974
793 413
534 130
305 601
840 887
385 355
456 954
167 441
741 414
676 709
83 311
159 673
474 884
185 595
490 720
91 382
657 970
46 70
135 255
702 277
349 633
527 557
908 37
174 183
664 720
705 992
549 265
650 321
987 338
645 436
889 828
391 776
94 113
410 203
43 375
163 230
969 816
67 392
708 262
961 819
364 55
288 403
397 388
248 367
601 979
547 179
659 590
607 848
313 1
19 971
701 287
481 591
166 745
51 436
580 231
217 782
254 840
96 382
20 10
995 409
121 307
161 314
44 191
573 599
697 135
76 566
919 65
676 481
85 580
651 829
557 33
128 906
748 602
453 935
383 419
420 33
827 673
356 895
600 828
619 493
630 605
234 274
818 0
57 157
402 863
959 742
508 710
167 224
406 783
810 98
27 647
611 697
467 542
919 477
248 710
96 128
174 878
270 681
623 868
958 809
676 984
457 176
881 107
564 962
56 881
802 208
331 473
881 320
732 495
25 978
752 527
379 565
129 539
148 874
133 189
730 821
730 713
18 433
488 25
102 483
940 299
660 696
780 692
624 754
786 491
245 343
448 189
130 529
969 550
428 829
988 761
488 243
594 199
172 109
453 749
59 141
559 31
802 495
165 311
998 607
332 89
246 882
770 944
169 195
853 762
398 71
898 323
714 445
102 632
476 835
999 162
835 976
563 896
649 825
317 515
473 30
901 760
898 9
742 396
887 197
557 718
212 619
381 710
798 563
382 933
623 61
508 233
154 618
613 696
704 266
115 199
730 538
955 466
522 722
777 141
745 334
803 303
790 177
385 776
496 48
977 299
270 953
462 971
911 823
69 48
375 93
82 346
24 343
950 145
281 447
365 896
840 293
300 895
127 476
115 767
669 246
507 54
899 782
965 658
640 307
175 348
342 304
668 195
347 451
936 505
444 36
284 775
477 346
90 227
793 991
594 654
380 880
514 555
828 566
939 511
884 429
359 345
329 117
408 919
101 775
885 346
854 883
68 91
166 411
931 539
196 944
806 75
166 54
398 251
687 279
61 939
387 134
647 825
164 24
328 619
692 609
158 973
720 125
541 89
624 255
438 161
319 304
820 334
771 458
482 361
209 963
35 756
103 277
248 135
251 473
213 331
200 569
302 46
562 857
285 680
776 496
355 461
250 527
932 931
409 425
477 197
703 554
587 968
457 32
763 926
565 922
403 755
445 912
460 735
477 713
167 968
281 925
139 366
385 74
992 294
236 139
752 839
845 60
729 780
285 484
918 140
982 310
255 787
452 275
429 563
663 14
818 726
743 387
846 104
489 365
607 522
617 163
64 932
354 710
967 61
220 35
358 24
627 64
626 988
451 150
458 560
157 626
149 657
970 377
448 938
637 358
407 907
916 177
92 949
57 944
94 85
513 266
652 181
526 147
657 854
882 403
125 110
573 366
365 660
242 764
45 486
7 965
310 143
911 973
376 129
885 483
196 847
209 811
962 187
746 213
42 71
655 489
461 843
361 328
898 300
49 269
924 137
89 846
994 386
113 458
374 811
808 266
109 746
503 742
899 713
991 928
705 999
621 504
619 740
77 823
731 811
348 464
492 580
740 936
156 456
246 657
201 832
907 243
700 112
590 924
673 522
742 438
384 921
105 926
881 821
587 645
135 618
776 831
288 63
390 124
520 106
499 707
365 387
627 846
852 736
605 128
206 352
114 904
786 55
166 819
241 665
594 130
613 345
706 698
298 667
46 48
360 19
7 390
760 445
459 725
3 278
628 510
489 564
271 232
696 287
543 889
762 154
642 303
480 18
245 983
633 238
554 621
445 810
376 809
937 535
736 338
824 392
4 807
492 553
5 19
658 962
178 695
484 203
644 463
814 858
918 775
530 190
863 442
565 759
152 976
103 748
891 564
267 868
490 136
779 482
156 667
711 825
753 908
515 817
290 866
712 750
714 220
148 497
229 657
534 341
884 17
858 477
933 559
841 954
315 997
835 873
667 794
709 817
153 315
678 302
643 569
32 514
630 639
301 697
17 359
720 703
798 382
186 677
710 965
281 301
179 469
272 280
54 502
1 283
209 613
920 735
603 57
921 163
71 935
927 363
430 923
983 444
591 425
998 337
910 430
877 758
989 548
888 560
941 640
224 557
221 555
580 15
379 356
808 378
180 393
149 366
241 672
204 307
167 885
592 273
58 827
675 838
123 809
602 128
521 69
508 580
962 801
653 878
549 707
885 35
43 149
690 935
804 741
557 227
638 816
126 74
993 769
274 515
374 945
728 438
831 605
64 16
409 127
522 822
2 837
101 147
481 718
717 273
836 418
498 602
115 185
478 682
917 620
504 163
327 556
235 31
744 337
68 202
485 632
492 910
731 10
960 717
256 993
526 207
631 538
716 698
858 810
380 546
611 228
745 91
187 567
10 224
444 574
514 398
847 850
996 771
564 920
719 148
339 452
540 332
527 943
450 246
862 90
959 207
692 451
664 536
690 12
67 158
750 903
887 65
93 372
115 330
380 60
395 249
701 222
630 807
27 164
227 172
124 867
996 241
88 628
159 932
512 105
812 744
521 124
962 800
32 699
331 814
953 617
827 285
460 275
262 354
148 14
68 65
792 300
192 523
363 583
680 376
273 375
567 514
991 261
270 923
469 181
37 273
100 317
340 720
1 230
90 730
540 783
19 185
7 403
375 489
120 151
964 903
64 203
49 978
432 876
163 158
625 285
757 531
217 839
23 150
388 25
892 519
898 775
674 721
862 92
27 405
72 120
976 208
184 147
630 1
492 748
955 160
719 591
933 237
330 609
515 640
151 776
365 339
286 981
654 54
912 141
757 42
503 822
500 450
930 81
539 749
388 139
509 43
386 58
398 342
777 331
212 176
297 913
600 372
607 464
540 504
926 434
622 528
64 801
814 452
484 263
459 156
442 326
981 325
260 497
111 622
201 662
803 154
38 515
810 628
73 446
530 51
140 705
541 494
192 354
745 705
823 326
196 513
288 331
283 187
181 97
952 359
885 4
727 426
262 511
129 622
738 957
516 343
735 599
89 666
351 631
808 21
950 882
397 126
84 538
935 430
455 927
682 774
454 246
125 944
350 961
757 239
945 755
97 611
232 68
516 770
774 111
828 949
837 621
79 967
610 157
774 647
279 1000
490 133
737 331
458 500
653 550
859 23
816 796
615 821
589 759
304 430
381 165
688 354
836 184
14 585
574 552
425 285
7 550
844 199
352 796
566 452
608 596
615 314
92 173
352 953
701 359
637 255
93 7
927 802
375 793
662 462
245 157
822 523
874 847
583 99
572 220
694 718
443 601
697 805
554 524
316 374
969 583
673 483
61 314
24 31
481 231
850 828
652 548
574 123
710 726
921 974
484 316
824 64
776 632
560 465
4 416
780 511
715 119
145 362
252 898
201 103
628 849
245 128
844 757
558 702
799 585
110 443
669 260
409 374
878 320
820 276
475 84
693 697
651 545
97 889
655 499
351 987
886 293
90 823
157 749
327 311
813 118
779 349
732 157
51 909
677 594
607 174
345 961
213 380
410 942
206 276
753 589
105 971
511 510
467 852
424 420
643 531
814 58
594 544
829 45
147 43
493 151
424 842
693 405
968 860
220 217
456 14
318 507
302 253
149 8
28 903
294 334
1000 643
256 963
123 627
346 97
977 7
300 313
875 973
677 181
792 813
25 50
673 549
675 320
987 620
839 863
800 677
378 984
572 723
513 954
450 680
487 477
349 670
197 641
873 744
687 514
994 34
365 478
993 598
109 494
675 764
536 914
851 563
370 793
536 16
84 657
290 531
947 750
223 488
205 52
907 814
663 292
820 696
963 304
446 100
728 694
562 434
794 361
353 756
459 648
6 623
861 321
199 759
709 413
823 562
999 233
98 119
304 338
257 556
404 633
849 741
393 249
105 554
145 911
583 403
855 40
780 225
180 965
778 155
783 629
785 109
379 436
350 285
335 667
967 16
459 662
116 483
519 420
178 631
189 358
128 399
792 983
914 681
980 640
995 528
931 756
745 459
804 209
934 212
28 699
613 332
289 356
4 711
488 663
125 554
710 270
414 388
321 830
412 166
851 756
658 429
473 84
283 528
383 931
692 549
888 783
271 398
180 510
375 617
760 836
24 61
678 307
233 493
928 190
218 505
570 962
151 897
483 835
187 406
620 277
840 426
282 434
75 688
868 611
25 523
635 536
127 897
162 852
709 811
12 369
509 530
430 447
533 894
714 504
938 694
372 456
617 280
402 830
101 545
20 320
792 178
713 210
73 295
143 347
990 369
416 811
491 501
557 878
272 345
326 612
620 719
650 0
139 783
385 297
981 36
417 914
60 986
166 696
128 794
223 554
119 737
525 732
199 950
165 935
581 673
698 899
870 190
611 167
188 106
664 195
357 887
9 512
590 789
696 192
559 777
229 849
1000 721
639 413
972 309
997 378
628 86
971 650
547 243
562 812
119 990
142 994
794 178
795 515
958 103
886 69
816 396
151 564
759 524
530 783
66 516
362 718
604 934
228 265
902 47
853 270
633 635
196 751
981 762
403 9
497 373
320 491
947 104
495 43
79 550
914 821
870 600
888 677
987 756
559 730
672 365
658 910
408 431
997 52
510 624
37 504
529 58
186 445
135 113
668 660
974 684
421 361
93 995
749 26
195 467
121 261
315 191
144 611
303 852
578 26
896 204
224 802
39 958
156 732
784 612
252 588
368 849
415 426
16 889
149 415
372 426
970 827
179 64
335 468
405 943
380 433
176 873
195 239
793 226
606 106
729 64
583 59
432 700
409 986
591 592
737 729
60 262
724 458
442 517
756 141
918 752
919 642
546 442
377 515
201 812
735 10
834 805
170 670
502 210
938 0
534 818
817 498
379 683
115 876
650 887
163 223
895 260
37 999
957 465
415 243
337 918
327 383
75 476
854 994
339 522
193 500
717 657
714 307
798 103
718 938
395 971
815 72
136 728
49 113
403 384
523 432
129 130
16 568
590 467
974 516
227 581
53 332
124 73
548 723
76 972
253 572
433 781
862 45
500 368
215 971
824 406
217 251
14 404
86 561
816 358
358 1
399 17
938 321
410 96
65 354
790 511
359 678
929 68
472 246
467 300
910 115
86 40
626 444
71 418
901 78
280 214
723 293
514 719
31 350
47 72
173 914
761 89
824 338
540 349
232 460
809 455
27 645
288 855
508 908
715 622
187 66
1000 426
246 291
278 871
755 74
246 286
353 411
939 193
312 535
769 360
326 583
490 393
870 49
875 485
670 404
842 771
122 972
552 652
73 277
177 876
817 349
427 460
1 892
167 585
985 182
58 479
327 812
577 156
288 278
973 682
310 525
452 635
112 908
249 727
944 892
802 151
684 694
478 637
381 432
810 776
552 388
798 937
200 434
446 740
628 421
441 515
547 364
594 671
379 450
817 806
312 542
107 64
109 557
233 975
673 203
126 760
218 663
844 342
832 243
578 680
523 291
880 761
888 110
416 144
169 839
245 423
965 465
99 791
341 793
996 274
977 146
420 481
5 713
526 419
27 730
629 572
32 983
702 514
172 270
957 245
203 492
667 668
618 193
445 243
9 189
991 28
837 957
902 441
116 8
67 325
424 657
891 941
911 656
74 95
162 279
298 508
831 43
251 248
346 146
244 886
259 222
597 917
152 364
707 150
623 62
925 737
30 180
745 473
732 370
686 468
316 615
244 662
474 955
734 339
332 274
790 632
933 785
66 177
659 949
250 76
996 916
986 938
890 561
918 914
125 300
400 751
612 739
602 671
687 750
52 373
938 680
481 322
160 874
330 739
850 648
391 487
148 272
149 277
422 200
990 265
680 153
395 856
733 167
759 272
269 874
831 952
945 259
810 600
440 829
263 609
377 228
704 869
907 650
323 289
28 468
897 463
700 451
57 388
19 977
