527 273
438 865
949 569
415 546
903 162
541 47
10 208
238 877
684 528
258 101
318 629
6 64
483 321
232 704
9 910
767 444
930 701
465 449
763 617
609 674
612 937
832 448
808 855
215 690
70 498
707 746
720 299
855 801
859 816
74 245
792 640
112 828
317 145
398 848
159 791
395 376
345 720
712 616
619 583
578 904
704 54
816 298
469 155
109 230
367 85
404 154
246 38
481 994
530 864
922 515
546 520
670 143
286 78
74 464
350 857
525 987
362 319
458 849
624 412
306 984
292 462
203 673
827 785
609 453
277 316
305 237
895 73
815 487
819 848
721 832
472 247
326 697
749 359
95 202
70 860
201 455
847 690
830 700
754 73
711 681
999 701
727 514
742 292
958 474
254 7
569 678
222 426
940 284
768 445
566 498
730 922
294 851
178 46
965 792
813 262
16 232
529 893
952 442
656 386
237 395
